Error
6.144613221965543e-09
0.01279866015075324
0.0195167520195805821
0.002651016860144085
0.00166402921326264597
9.404783612160128e-05
3.299779790777356e-08
0.04417659685609568
0.02502049838989672
0.004852535204785064
8.099404624494494e-12
1.600640455929095e-12
1.4705262209971414e-12
9.496267606085835e-09
0.19422698707191097
4.397509116038803e-12
0.00027459782683273646
1.0658358429804182e-12
4.952566600347688e-08
2.0138864461132545e-11
1.0930212628061331e-11
1.2176431530884986e-09
0.0014195054093689584
1.366187021386528e-11
0.0014175170666819244
5.871664273227572e-12
0.0014183911121248057
5.865587034325054e-08
0.025020497852726423
5.329890598038305e-12
3.096269746280316e-12
1.3781413344774519e-11
7.417870284365532e-08
0.12892658169833743
3.520961079158364e-12
1.136531265648041e-11
0.02502049784946202
7.450228106335656e-08
