Tick time (10 users)
1166.6336798667908
1248.0978419780731
1239.9084930419922
1076.4040923118591
1213.5827445983887
1213.336233139038
1214.4272515773773
1212.5450880527496
1212.9370515346527
1226.3328120708466
1193.6759865283966
1187.176587343216
1195.4008843898773
1205.9279568195343
1207.5938231945038
1207.8992681503296
1288.1903789043427
1298.2295956611633
1294.2653503417969
1269.7844219207764
1285.1711757183075
1322.7152762413025
1265.8384857177734
1276.73898935318
1276.2392356395721
1310.292659521103
1308.9964053630829
1296.0998711585999
1300.1817209720612
1268.2443397045135
1243.6025278568268
1243.4252274036407
1245.8747618198395
1158.1248807907104
1145.5502853393555
1145.4656383991241
1169.2036967277527
1149.3999660015106
1153.624589920044
1145.1687724590302
1182.0138704776764
1203.6560425758362
1189.0085082054138
1173.885406255722
1193.5146834850311
1222.1757545471191
1143.2609691619873
1298.0560657978058
1273.987117767334
1281.2684032917023
1188.4321377277374
1229.5908324718475
1223.0162937641144
1211.7450256347656
1215.4217834472656
1122.097664117813
1233.7570505142212
1212.89714717865
1231.9595823287964
1232.5730295181274
1067.2607295513153
1230.9318315982819
1174.5740594863892
1232.801187992096
1168.0564630031586
1165.3971374034882
1163.3623127937317
1193.5076191425323
1172.6539504528046
1164.5716750621796
1161.2593903541565
1171.007477760315
1021.9170777797699
975.256130695343
1186.2770545482635
1181.4926192760468
1180.9356014728546
1187.8779928684235
1184.67050242424
1181.8189871311188
1186.622549533844
1180.7552337646484
1239.2187581062317
1227.1091668605804
1267.0548100471497
1182.5039839744568
1181.2476756572723
1179.60520529747
1177.4106211662292
1175.1232624053955
1171.2270288467407
1173.9326884746552
1243.0536501407623
1214.7474265098572
1220.1840209960938
1397.380697965622
1298.5556983947754
1440.3714497089386
1376.4617364406586
1420.6606018543243
1461.568241596222
1444.937644958496
1235.579830646515
1237.0261299610138
1242.389485359192
1097.6373090744019
1245.0946829319
1250.0537056922913
1107.1999945640564
1252.0060098171234
1252.4717366695404
1196.5033357143402
1097.482423067093
1102.7266218662262
1199.9453728199005
1198.231129169464
1201.2398524284363
1047.226253271103
1257.6119906902313
1206.5346751213074
1167.4437918663025
1254.448823928833
1333.073612689972
1327.2633454799652
1318.3765416145325
1349.818165063858
1345.1219766139984
1330.0138442516327
1330.8490834236145
1332.5328710079193
1334.497402191162
1329.0948388576508
1428.3697082996368
1439.6731088161469
1395.2461926937103
1397.7097036838531
1383.9874577522278
1394.8423297405243
1381.6741847991943
1382.419462442398
1387.7981474399567
1375.0336756706238
