1361.4338555335999
1279.018354177475
1279.018354177475
1246.495053768158
1245.4038367271423
1250.4578199386597
1256.6049737930298
1251.2041823863983
1258.5093879699707
1252.799250125885
1067.8734545707703
1282.2083961963654
1304.3571424484253
1284.304417848587
1286.0850358009338
1288.811579465866
1290.4041109085083
1287.868257522583
1295.9492299556732
1302.2173068523407
1311.238365650177
1294.900799036026
1146.2042903900146
1310.8734364509583
1155.1231100559235
1301.072459936142
1305.437693119049
1306.921138048172
1306.9815876483917
1312.747769832611
1370.7460312843323
1309.1935338974
1310.83451628685
1314.6388075351715
1314.3223309516907
1215.4222829341888
1321.1006348133087
1320.0501828193665
1117.3413186073303
1320.4048023223877
1171.6877624988556
1326.172281742096
1320.5717234611511
1330.343314409256
1329.2134227752686
1330.2128248214722
1333.5971193313599
1395.3371872901917
1331.312750339508
1321.8801484107971
1303.2546758651733
1307.406324148178
1314.3066012859344
1307.6619024276733
1311.1797733306885
1316.4752295017242
1319.613282442093
