Threshold, Curve
14, 12.422201747443273
18, 12.640058625650166
17, 15.73093249813171
14, 11.966269555498801
10, 11.647594353112604
21, 17.435479440296735
17, 15.216121690257655
21, 17.39478891286365
19, 14.448561754623535
29, 19.973609831033414
14, 10.518629104959048
20, 13.87985147126443
20, 17.603853814686037
12, 12.429344109321473
27, 18.91407350047685
18, 14.562365553403167
13, 12.068335352376803
22, 16.881840270198662
10, 10.117557048323432
14, 12.135135488434425
21, 15.22516020350071
18, 17.160760409150722
16, 14.819047968289372
18, 15.838819021534661
24, 18.48087472316976
12, 11.107477256864984
16, 14.564814067916316
21, 16.24065086120729
21, 16.646530780286763
20, 14.877912404913298
18, 13.638081682225154
21, 17.279396724541144
18, 14.037441266256675
12, 11.746476982482399
14, 12.495252246473127
19, 13.390927001155308
16, 13.835234817124716
27, 20.678503106624113
24, 17.937773470349953
28, 23.197698688557317
26, 17.501282906339814
16, 13.36993986837351
18, 14.941874299695948
16, 12.529062833246101
15, 12.051448678749267
15, 14.32026884732155
16, 12.471794186181743
12, 10.755710081591483
16, 11.929609913621817
21, 15.25675724865029
18, 15.283912669459086
15, 10.976686880039178
23, 18.01578469363851
18, 15.33868100564593
16, 13.880689627160447
9, 8.13718582253587
19, 13.120464949234645
14, 11.164057334963424
22, 15.745753973846409
16, 15.449953016376579
17, 15.52762973365426
16, 14.914959131133074
14, 13.576237778311343
17, 12.93318888588656
24, 16.02445440218441
21, 18.701125244561364
9, 8.758195456075985
18, 12.53855653929834
23, 17.076271181835434
19, 15.786714175782542
13, 12.3464254091176
17, 10.843259815213603
21, 19.409481911158426
22, 17.77444854844704
13, 12.199781806677194
16, 12.754701814399532
12, 10.695323221062363
22, 15.294573404578525
17, 16.809603132781625
19, 14.929419880121566
16, 16.073990801204975
20, 16.08086345879266
11, 12.378071381840268
15, 13.363117913345558
18, 14.188209567234741
12, 9.950664863904901
16, 13.336414414851513
22, 16.99784597906652
19, 14.095111334402025
19, 15.333062419778907
15, 12.182467371821309
18, 14.548372834428491
19, 14.911998235592373
16, 13.520757814135612
15, 12.036747982608174
25, 17.304304385106335
19, 16.0922654123566
19, 14.752502644312619
18, 13.57367903523704
20, 15.249369767829059
22, 16.62236059353602
17, 13.70521637704018
17, 13.963137616050888
22, 15.535261409647152
13, 11.340857185121282
16, 14.798553469773667
7, 7.904184839402155
17, 14.65493032299313
17, 13.814769468980822
15, 13.265769786310974
17, 14.415198796976513
15, 13.651799279293922
20, 15.295384924484928
11, 10.474636650438251
16, 14.459367374507924
14, 13.003484974370187
24, 18.157945165964062
22, 18.418923102329902
11, 11.54128106207457
19, 14.063933444281037
19, 16.051033373477395
18, 12.925666341327426
18, 12.379277631931018
18, 15.414316169660653
23, 16.353101121819098
14, 11.72030041658452
19, 13.842490871053663
19, 15.145577015195407
14, 12.897578226561084
16, 14.732267983249503
25, 17.706741187977304
21, 17.42459737264998
21, 16.09393829809533
18, 16.311183743972506
9, 8.191085432530853
15, 13.012273820414055
20, 15.051103157431271
23, 17.27128887930288
23, 16.305359983378086
15, 9.533895285509315
21, 15.989856361087535
17, 15.437834936934848
24, 16.77269514659273
13, 10.248302468197432
19, 14.522133752460702
12, 12.746022285986607
22, 16.518652246354673
11, 10.902922388527971
14, 11.139698464108932
19, 14.246776032026675
17, 14.546079224164888
20, 15.524053110114352
16, 13.483502850616167
16, 12.878391627924863
28, 20.48632379488653
9, 8.70112821383915
18, 13.344492329644098
13, 12.603005831182866
14, 11.726299904727966
25, 17.18728614638738
10, 9.781616882506002
19, 15.55140156302396
13, 12.414777713788231
19, 14.464166371215706
11, 11.180259838291802
8, 9.27030332769012
13, 10.629046666959995
16, 12.357449333938339
19, 12.932854079284612
20, 17.028788403408562
19, 15.963603990926124
19, 16.521285989783998
19, 14.444081984402738
8, 8.962618403026006
21, 15.875733142846366
27, 19.298521503865427
14, 13.216478262973705
23, 17.791900487508997
22, 17.923498335802666
18, 17.018106932272715
18, 14.393802192385998
19, 15.873261217529661
21, 15.874001033807835
20, 14.640516559396518
15, 12.06232331463842
13, 12.097299741516196
18, 15.827168363001176
18, 14.179044045913043
18, 14.555873201583127
20, 15.721599525557947
20, 15.862561695524263
20, 16.597448463301944
19, 17.430146845990276
23, 16.517298403503133
14, 10.505904301613604
13, 10.955296290045283
17, 12.979984777722068
12, 13.401119489859592
11, 9.580066966127816
12, 11.787197558176766
19, 15.93938968251604
18, 15.083622969878522
22, 16.42073975389362
21, 15.276849876175547
16, 12.901796955278751
25, 20.026910675984855
19, 16.217863944970937
22, 16.436138408351848
19, 16.927066397127454
17, 13.036929169922155
15, 13.587578452236368
26, 19.23943621237819
23, 17.06045060439797
12, 10.084698106197488
14, 12.037587956390798
15, 13.740888749310669
24, 18.611762022591307
14, 12.604286559495163
25, 17.707599628333544
18, 11.641725230163216
17, 15.763481636312747
19, 16.606747365250353
15, 14.599908916759713
16, 13.440189916716752
9, 8.983572542241724
12, 12.480608055488803
12, 10.289871552914171
18, 14.733318495027852
20, 15.893336931687777
13, 10.051677946024087
16, 11.297069417294638
18, 14.476608721499689
11, 11.095055610731247
21, 15.703189440255978
20, 15.582671042598871
17, 14.571700351872463
22, 15.562327360775823
26, 18.002820031488366
17, 14.015234226901025
16, 15.882788900643046
14, 12.00925380619786
18, 16.781959188238428
27, 21.11219964628426
11, 10.450468661771282
22, 15.909724793433824
24, 17.906685671149955
14, 11.131880165240068
13, 10.896684930236683
18, 14.268475429430048
14, 13.307310387909018
14, 11.930576421754182
9, 9.218201706714353
24, 18.391744770604276
14, 11.451764681525583
19, 14.255328026681163
23, 17.493866706912794
14, 11.936155631987736
12, 9.341484036997432
17, 13.209481566440484
16, 11.000441804899559
14, 12.660950216317916
20, 17.23959990194184
14, 12.697351573564912
18, 16.543652317937788
26, 20.662971553080123
13, 11.409766602528153
23, 19.49512165703645
19, 15.18073063631501
16, 14.730776340493172
19, 15.022727105276317
19, 16.3064957521925
23, 14.950931986863788
27, 19.85824480469027
14, 12.184476976553203
16, 12.447927478403553
12, 13.530869080600466
20, 15.629978577834079
16, 14.061041222267134
20, 15.539566176675775
21, 12.95585798986315
22, 16.812186558556515
30, 25.477049955367086
17, 15.208982270512005
16, 14.522662972138482
21, 14.830512127365479
21, 14.567034681514906
14, 13.492123691362593
18, 15.903179102001474
14, 12.80012657367843
14, 13.155451496769846
11, 13.618486428051805
13, 11.150156064307657
19, 17.73023239239152
21, 17.05126220151105
17, 15.44812526619173
12, 9.710849833956727
19, 14.420944452241242
26, 19.09798532619774
17, 14.411121988845599
9, 9.45398031765335
18, 12.67763549535311
20, 16.08689361259987
22, 17.83175542283101
19, 17.003292762308998
31, 19.768671091535623
14, 12.530031908635628
12, 11.807627169234491
18, 15.247651321484424
11, 9.857961499503421
17, 14.249605322473347
15, 14.443016148701918
21, 19.173481253786363
21, 15.878525127476168
14, 12.423318776297688
19, 13.866437374753323
26, 18.881598785487384
15, 13.319837075905568
13, 12.693023168949374
16, 13.83795589049911
16, 13.014912465966857
15, 13.13847871121963
19, 15.609142031422296
15, 14.792931338234242
13, 12.819519480219633
15, 12.374349617377757
26, 17.34856155927051
18, 15.450369038670235
17, 15.99705745393899
15, 13.005888757494777
18, 13.534876932634248
24, 19.438310772090986
20, 15.35246010871587
15, 13.515449817647719
22, 17.111006127470645
20, 16.218722138396075
19, 13.285041686678229
15, 12.899142202175666
22, 15.989347084337723
15, 11.254223017198422
15, 14.728034667468341
18, 15.293463611713507
28, 19.731130033929915
16, 12.568845283445713
23, 15.15719611505695
24, 17.125729649983402
12, 9.78910821401345
17, 13.480796786721477
23, 19.68750278901083
18, 14.869426138762215
15, 12.571598396354855
23, 18.469050668137644
30, 20.073174088584594
20, 17.149356888616197
14, 13.301224328075586
18, 17.745108632296574
21, 16.62832230430834
23, 20.123255354703712
20, 15.01065339469005
12, 11.96540336050624
16, 13.245014716643544
14, 11.508239825950875
25, 19.077387626316533
13, 12.89738628667929
11, 10.696877024587002
14, 12.28700551281768
19, 15.375293106830501
15, 12.535214542216277
20, 15.275618461683138
14, 13.284990881059652
15, 13.448902131989465
18, 16.064357740211925
30, 21.172529178528098
15, 12.20565816470718
21, 17.525440506953203
17, 15.850511247919727
21, 15.546120370067678
17, 14.217248551826623
18, 14.2809523701913
19, 17.04212522673576
24, 18.099849874058467
22, 16.890027033631146
20, 14.919171556540944
20, 15.393437672346458
14, 11.201773443919723
15, 12.2773557372489
23, 17.018246472555514
21, 18.310199978900666
17, 13.748797105377934
14, 11.962519342648633
15, 12.461088172715348
16, 12.715631440484461
18, 15.578943887863634
16, 15.252242649457708
22, 14.87917738501895
13, 10.990149261994574
15, 12.082087495170956
19, 14.344603964142191
17, 16.031906353589523
19, 16.124044360865533
10, 9.119649501477321
16, 12.478503549604746
20, 17.63133287366491
12, 12.519838500340482
17, 14.603858892791079
10, 7.828794639082571
16, 14.242577344016276
20, 15.936839128902541
21, 17.38912995188245
12, 12.073858542895296
17, 13.493160946948793
14, 13.089433410956174
12, 10.58331917177564
13, 13.41344358222246
26, 18.95104773908083
18, 15.432314436291344
14, 13.209362046717661
26, 20.006629441075695
13, 10.88088310743634
17, 12.982798959660036
21, 14.052764293782975
16, 12.254099916481648
20, 17.315186514941992
20, 14.811299879772601
18, 15.942230930529782
21, 16.405375989727105
24, 17.77011048963707
25, 21.805211983241968
21, 16.73932546288316
16, 11.326432518474281
17, 13.832045353643863
21, 15.117664654570115
24, 16.20769206283877
7, 8.325189992630792
25, 19.03751135713934
14, 11.060385201492497
18, 18.121926538261437
20, 16.31332196136424
13, 14.039725556590625
20, 15.602419337124278
25, 18.165762980884306
14, 10.561075021618805
11, 12.66644304148619
23, 16.408892804090904
13, 10.677269026017859
16, 11.160333113029205
12, 9.55246045934518
8, 8.503710878895758
11, 9.257629053689527
20, 13.840136551086337
13, 9.187206951859718
21, 15.519236581261703
16, 12.753423585558737
20, 14.510077011612735
14, 12.65454391144139
12, 11.165087409528203
23, 16.52022719012868
19, 15.237957788825977
22, 17.991127295828345
15, 13.350171280314473
13, 11.942234402887234
10, 11.486482916976964
14, 12.57913996643759
22, 18.4177783941018
16, 14.336444277558293
20, 15.418660690511985
13, 11.373142826922859
18, 13.829090632769107
16, 12.782341355869628
14, 12.474602386763722
12, 9.666332166016048
21, 19.67222615109783
19, 14.495601165203198
12, 11.142756253313506
20, 16.503783557841516
24, 16.949369909808713
11, 9.706272372855748
18, 14.32895403764112
19, 17.10423022285278
16, 14.034651506697214
20, 18.81797308640186
13, 12.090824984326032
14, 13.844075640853765
17, 13.207417052941961
14, 11.198735470088724
20, 16.735838185952595
17, 16.664771603142793
15, 11.465189501497333
17, 14.258173117124505
12, 11.09788046711705
14, 14.832779498578633
31, 22.9365794867123
15, 13.541617319392207
26, 17.64019182608391
17, 14.047798052632968
19, 15.794664748236656
11, 9.198971275010575
24, 17.178840350858565
17, 13.203946029368897
24, 19.89956942361803
21, 17.013116400935594
17, 13.467614834198429
15, 13.395839270954562
19, 15.635429203375725
24, 18.544022110323244
24, 17.364215471055626
15, 13.916716991582735
23, 19.67780965224168
13, 11.34832410121965
16, 15.05648244622125
13, 11.07632716499983
17, 13.740974522974716
18, 13.430586682269023
18, 14.21856829535837
14, 12.967671600385213
26, 18.099540916249225
17, 12.960688683844692
18, 13.226235664276713
12, 12.389518884014578
18, 14.73078279101965
18, 13.091087013308778
22, 15.057315806849966
19, 15.440789774275169
24, 17.108936886044415
19, 17.600924764680773
16, 13.256933744463549
22, 16.95203091776206
15, 11.026558911252694
20, 15.32755855795813
17, 14.389884289209885
15, 11.600309471876278
14, 12.590908205530429
18, 14.77422821267019
17, 13.939800434673263
10, 10.09261682897798
14, 11.901836614149971
22, 18.35022847695677
18, 16.436603290442047
10, 11.504102525162269
17, 13.90864393536821
16, 12.626230438978954
20, 14.858594155948266
20, 14.01783472845048
20, 14.60858784089477
20, 17.51733681181351
19, 15.479825599123314
15, 13.588303407657095
20, 16.15788195875877
15, 12.536318561776262
18, 14.445472318458021
17, 13.138254866819
20, 17.44435696196329
19, 14.522271176418624
27, 19.68384847256805
6, 7.612356731255372
15, 10.88740102569934
18, 14.43341039988043
10, 10.288567464574065
21, 14.109075225243645
22, 18.241147902418334
20, 15.949208314315118
11, 11.201610536329307
12, 10.032165498880024
13, 9.544436031208122
18, 11.81439234205603
19, 17.33720364634331
14, 13.795256292160321
14, 11.936135981847626
19, 17.267792347981864
9, 9.327551021610685
15, 13.004875083771836
20, 15.775987225341073
18, 13.875904233221437
24, 18.339594757691543
22, 15.796606998167602
20, 16.30390062252757
16, 15.472798381496354
19, 15.090724565714929
22, 18.963929326872
16, 14.595777766993077
20, 16.245298355536555
15, 13.722491003664917
16, 11.256945596772495
14, 12.557391324721433
12, 9.338276314709528
15, 13.440862359823804
16, 12.96985175254511
18, 13.812491256644241
23, 14.191680843636254
16, 14.745306961235134
19, 15.139998231827251
13, 11.597870155814665
13, 11.25667705907008
16, 13.41758378639423
15, 12.515416379686485
19, 15.900659129085385
17, 13.766255541554482
22, 17.864713037526048
16, 12.224953395686406
13, 10.148007846764516
20, 18.223360568030753
17, 14.573332460882165
25, 17.823161587441074
21, 17.121907658073496
16, 15.575515116459906
19, 15.035902543057373
20, 16.29268326131082
17, 14.922205553016271
12, 11.103598702307014
17, 14.417006964086827
16, 12.59055528282902
21, 17.75735371595307
11, 9.434890010501151
21, 15.021017455017295
19, 18.404093430669278
18, 16.03682295823276
20, 14.022826925388006
22, 15.723610504312392
18, 13.75855078777413
17, 13.61833864090603
19, 16.094445785595365
16, 14.355581068392055
16, 14.377794598201024
18, 13.719529586232628
14, 11.756407178590017
25, 19.455354432758334
9, 9.547279594853
16, 14.319843068309819
12, 9.988772535235254
24, 18.910241789276533
21, 17.826136945267137
15, 13.829386569532353
18, 14.84682160524756
15, 14.82479145745423
21, 15.188890706378565
20, 15.748601859269046
12, 10.918052416623345
21, 17.975890036199242
20, 14.406130746505013
17, 11.965198760350985
16, 14.219820551577358
18, 13.66075538811274
18, 15.69417950758041
10, 10.903544283985752
20, 14.674381033212152
18, 15.466495749635188
18, 14.898044023376947
16, 14.427527982858246
18, 14.535556604641979
18, 14.542428122665747
20, 14.644103992503043
12, 9.048590551930975
19, 14.812698151876246
9, 9.553779712768604
14, 11.85520322343205
21, 16.29077905184749
20, 15.5452940068998
17, 15.102128841460821
17, 12.60343516093709
16, 12.732161672220508
21, 16.36462380809858
8, 8.627742520830685
26, 20.462602667604166
9, 9.3848047942927
21, 16.965614686094426
19, 14.972447707945141
15, 13.364396425758857
17, 12.139697820936213
14, 11.60249665775099
12, 9.307506575775614
13, 10.185978229876595
15, 12.305679727082687
16, 13.179204019769136
20, 17.189244498727863
11, 10.096788985002561
18, 14.570562665457334
20, 15.911291139999483
19, 14.54920145808865
11, 10.299239274800735
9, 10.61566786751235
14, 10.24603301986661
19, 15.260815866444869
22, 15.78786764948829
26, 20.82216323753532
13, 11.044098551010114
23, 17.508551427743946
15, 12.766733645849582
17, 12.74239911192637
15, 12.611828989032952
16, 12.435358239949128
14, 11.746194572116044
17, 14.981118958135308
17, 14.539822859807897
13, 11.155692031612265
24, 17.92936791452184
25, 17.769942198158635
12, 11.130962055335713
17, 11.638500834637167
18, 14.008256522847699
20, 15.970721302945524
16, 12.211224789161232
16, 12.946823263475258
13, 10.849950901207162
12, 8.630671949708107
20, 14.202796412268153
8, 7.679103940289057
20, 14.9053472424258
19, 15.984553810819776
21, 16.449785664256172
19, 16.372091424652517
19, 12.590759951144012
19, 16.065720440134932
15, 11.722760179078678
18, 14.660311584081594
22, 17.568886795335725
19, 14.258044099151904
16, 12.645138212910915
16, 13.806170603829967
14, 14.776722148161644
27, 20.90881815043044
19, 14.979274351756134
17, 14.989866723417506
20, 15.309898854253392
17, 13.721783351343994
15, 14.313464863093921
17, 14.601842328680135
10, 8.33943025545858
22, 18.212047680347503
18, 14.724466538249949
17, 13.693203544663218
23, 18.272197702731138
24, 17.618133090595922
17, 15.314587810178981
15, 13.485278479589983
21, 15.041240391069458
16, 12.191566309988856
20, 14.905845101352718
17, 15.545467510706025
14, 12.303119409228957
26, 20.683980169814014
21, 15.838019128477566
24, 15.906767545270187
14, 12.536884631352638
20, 16.580227884009805
14, 11.202760205101963
21, 15.047307596197511
21, 15.946119354882347
20, 15.412351524697758
21, 16.542437176691063
16, 14.404005644024776
19, 14.746043069821384
23, 17.42748062962659
19, 14.549511359469298
24, 19.187560258968002
22, 15.576990487131827
17, 16.026683134398663
23, 16.285555197834874
18, 15.78195414951463
14, 11.218755670298465
19, 17.680951282956993
15, 13.020469933075937
20, 16.544342303896606
23, 16.692720723443824
16, 14.18410839509815
23, 15.9813350034432
18, 14.296644743191257
12, 9.960005145859705
24, 20.58579232414622
17, 13.831772271806088
23, 14.99755578769062
16, 13.133775445808324
16, 14.60479471468968
12, 12.741395153423886
15, 13.536900393115628
21, 15.116959925572687
15, 14.40557244250792
12, 11.971509610902086
29, 22.357850940386093
20, 15.933235596455606
20, 12.990717572746561
13, 11.409504159222157
20, 15.766831320792303
21, 18.219460058853073
18, 15.879336152285532
20, 16.537189173965796
26, 21.038556878360236
22, 18.621840896518307
12, 9.661244570078514
20, 13.380127665163132
18, 15.863737824854102
16, 13.569585579975843
14, 11.367308351414708
20, 17.73444986999951
18, 14.062960156613357
21, 19.486442087207113
23, 18.724564858499072
25, 17.11214395278874
22, 18.662165203760207
14, 11.468880073135274
11, 8.73474101867902
12, 10.193448798398276
14, 12.523653939775704
17, 14.239052959559624
11, 11.332401824555173
17, 13.609403769246127
15, 15.7703294870852
18, 15.759455737463602
17, 13.719149870262072
20, 16.118714788960226
20, 15.175867480350504
17, 12.44176531351007
12, 11.404319545386544
13, 10.354883170285285
15, 11.86755569850441
22, 16.489579808468083
16, 13.095443791895967
17, 15.725326115785514
15, 12.314805745828151
14, 10.365297198930245
16, 15.239337012352756
21, 16.922616123362353
17, 11.242382811948568
12, 12.572275792970876
16, 13.538210189319154
16, 14.356646024617536
15, 12.667199862647099
16, 11.752077150374717
23, 15.193365413867374
22, 16.240092122316337
21, 15.9837222532483
21, 15.739031580880415
20, 16.563906645422886
14, 13.33670814700814
21, 17.01375485471146
20, 17.748446947148977
18, 14.035944280220695
20, 15.975834728416107
18, 15.672041881091463
13, 11.522981213406014
12, 11.80183226419287
21, 18.00943283737871
20, 16.556934444819944
13, 11.452211652149854
11, 10.03402391527612
15, 12.394119148044732
15, 11.689289039806495
14, 12.307985132914103
14, 12.920176560937607
19, 15.002609447918001
21, 17.135351355712505
17, 15.475913881767756
20, 13.806459378043877
20, 15.615085906784905
16, 13.72131222493827
16, 13.181522122808286
22, 17.045326223521894
20, 15.389864917483036
19, 14.637613294292565
15, 13.923304604979016
15, 12.66282470379563
16, 15.224738232113475
12, 11.064000398862502
14, 9.928749804401434
16, 13.133694790891171
12, 10.577336800583883
22, 18.532188022055507
14, 12.17785318009109
15, 12.328480974587226
27, 22.12577407788559
14, 11.551237926697022
14, 13.448984839770791
22, 16.21878786462539
21, 15.592561477019206
22, 18.314425581198808
17, 13.672027165527142
17, 14.0001478674449
16, 11.147552173101005
19, 14.138796474327753
19, 13.347950431748583
23, 17.223719853700814
28, 18.978191465912946
15, 14.769233719077357
28, 18.132600627037398
17, 15.680933846389049
11, 11.616128475456684
9, 8.321245748522458
19, 13.554923324061726
13, 13.200914143482649
22, 17.324233914317094
17, 14.743083134261735
19, 14.031369343551471
22, 17.25616498409024
14, 14.751132982566247
25, 17.897722099613638
14, 11.279285793685656
14, 11.55166714159146
19, 14.487334009405076
16, 14.037179624358982
24, 16.258844447856045
16, 13.739718245662978
24, 17.962427134117696
32, 22.7166499513158
18, 15.529954421828275
17, 14.654125833810191
10, 11.24016215354261
19, 14.446237241703248
19, 14.941713741272748
23, 19.22601754684201
15, 13.534277641738287
12, 11.207095063547662
18, 15.976737256810424
20, 14.328022251623995
19, 14.689937811112364
16, 13.293672677867306
14, 12.940134959408253
13, 13.636560198455621
24, 20.733338668984626
13, 13.706666650718695
20, 15.35917073089676
15, 12.027832969847774
20, 16.621545227828488
14, 11.479615379781968
16, 14.403515244262833
17, 14.67262546514539
19, 16.52648397621384
20, 15.034572701354644
16, 14.172669133055132
18, 13.60637852972651
14, 14.248149437904566
16, 12.686646438719023
15, 12.795131092967626
15, 11.434281385885143
19, 15.559630125875891
15, 12.78860763153743
17, 13.92118129120163
15, 12.109932716432114
30, 23.59894690428036
22, 17.96213561030477
10, 10.310394972867442
20, 15.12406052993521
19, 14.503932709136583
17, 13.447532791298679
21, 16.894385125002596
22, 16.720565894712724
23, 16.201872800639382
11, 10.822194462674263
26, 19.29585963641652
15, 13.215973370274714
23, 16.64158274491844
19, 14.095980821944504
18, 15.332983105750845
17, 14.18938408949096
12, 11.680128903666128
25, 20.395423307898362
20, 15.218897292450283
16, 11.947880223947328
22, 16.436997141598365
19, 15.093440485168461
18, 15.684910328138896
14, 12.020134210388152
18, 16.162432630385688
19, 17.141000111512263
24, 16.683692618307525
21, 18.561422152399558
16, 13.25891119838245
13, 13.930060634830753
17, 12.309099973827264
20, 15.826331564553906
15, 14.06744693818013
18, 17.570226240339075
18, 16.915421979859694
14, 11.486051758776613
23, 19.53494057460231
15, 13.53721667084529
19, 13.833178111046957
14, 13.968017081182587
17, 15.144461710848534
19, 15.744970263230877
22, 16.998367617942854
19, 14.13926013210625
14, 12.517337750410524
21, 15.90564928807808
17, 13.833603233860158
10, 10.352073831046376
21, 15.942002135932542
18, 17.17299289297582
25, 20.443610952817593
17, 14.62036042546395
13, 12.011530216052964
11, 10.45788949205143
23, 18.264954766999093
23, 16.345127597541644
19, 16.510323353228095
21, 15.36151429177372
15, 13.799357414799742
17, 14.838718001141872
12, 11.430873375577983
14, 11.795737422692826
17, 13.660065076701581
17, 15.439628062132723
17, 13.426718309544807
15, 9.985261366235333
13, 10.879368395639288
11, 8.354445431730918
9, 8.63176769594396
11, 9.164392312265907
11, 7.904054780522679
10, 8.968424231526882
11, 6.641993289778056
4, 3.6147431453286614
6, 5.588079198633991
9, 7.22995399595245
12, 9.110581822917306
16, 12.164785783080639
8, 5.622618665396582
13, 8.857832297706002
10, 9.652926967612482
11, 11.063638072546347
3, 2.2724893251514175
10, 8.15650684229015
5, 5.226174348681404
4, 4.113669879062734
11, 7.8818231767397045
8, 5.911214656740293
9, 8.95084027218748
9, 6.55930614855422
10, 6.9790716050585075
8, 6.456366725521686
9, 7.421290492774485
9, 8.106586952336116
8, 7.2139816625991475
10, 7.643452959545762
6, 4.9405433697128895
9, 7.765913036816454
8, 5.658547955338074
12, 9.65186767571279
9, 7.634417531537063
11, 8.184729662236178
9, 6.201764148136961
11, 9.724880167583446
7, 5.394386993525661
8, 6.81782457874538
8, 8.523247257669695
9, 7.495555903171422
8, 7.130783092044988
11, 6.505232204420136
7, 6.820485808054614
5, 4.818417432823228
8, 7.494832418308281
8, 8.65562600454596
6, 5.2898356535434425
12, 8.66968572246584
4, 5.630151997773979
3, 3.177407710085617
5, 4.495332327919554
10, 9.192778313392207
10, 6.441222890687419
9, 7.714703160844601
9, 6.972760032140771
6, 5.578951017901561
14, 11.666123993367199
10, 8.45306522431351
11, 7.879132785851251
14, 9.772773383392556
4, 3.3559487493676823
10, 8.127956758055188
9, 7.493376659843357
13, 8.413906527321465
10, 7.019861580302083
10, 7.688811947783599
11, 9.310048048852105
10, 8.205551093526594
10, 7.678002750139536
7, 6.53327956928677
6, 5.173828190744767
10, 7.890824712442878
14, 8.658345200960955
7, 4.183601628299632
13, 8.91269133880903
7, 6.096730074583177
13, 10.763673775782584
16, 12.574593695245444
9, 6.95070658052458
3, 3.681529028295942
13, 10.241950872086997
12, 8.473700054418298
13, 11.133215375509263
11, 7.607021689763543
8, 7.282166980009726
7, 4.717322693257443
8, 7.372509389468068
6, 5.741930135802027
7, 5.118303089637096
9, 7.779967701615147
5, 4.057307067859686
12, 7.18955713888079
11, 8.166425023201409
4, 4.818292624417783
9, 6.572183603314939
7, 7.863759018467891
14, 8.358074921686855
5, 5.028873064495885
5, 5.775696703435426
6, 6.275281079417621
11, 6.836368366227903
6, 5.4989545877435715
10, 8.493367172756246
6, 5.672589120576427
14, 9.760451091811474
17, 11.949247348410221
7, 5.089470972929623
6, 6.379939950418159
8, 6.559987576514442
8, 6.653246930856444
8, 7.4141193686179205
10, 8.251079923553629
4, 3.947665458113296
9, 7.536548118616432
15, 8.71685598128646
17, 13.952622029981928
4, 4.079936651393926
8, 6.208291013406997
8, 5.8917651678995
8, 5.918309860997601
8, 6.373193155061547
6, 5.331493345583888
15, 11.359662121919676
9, 8.944046355722042
13, 10.688993011145676
5, 4.610481240389906
11, 8.150003297685936
8, 7.595736468786464
9, 7.870558675108539
7, 5.292292574094038
11, 8.155944366758698
8, 6.438808097952653
7, 6.468307146025407
8, 6.811903420762649
10, 7.807621886912805
5, 6.090718787856204
8, 7.402641899753958
16, 10.434846687446353
11, 8.34713511699338
13, 8.560480654824179
9, 8.152107156858156
13, 9.099045551689448
15, 10.423077811715427
7, 5.749281884243037
9, 7.426986453261771
9, 9.016751521979273
7, 5.798886179417493
10, 8.018824239567916
10, 6.720908833019282
11, 9.065528291831077
8, 7.4135752960332
11, 9.613771582261384
6, 6.95681596627108
8, 7.138101445533919
10, 7.869840368609215
8, 6.735002313293945
8, 5.251772065431357
13, 10.115171057436514
12, 9.636199535315809
6, 5.868617381119687
12, 8.117801653237635
8, 7.694797482419374
13, 9.582358919888813
7, 5.596401664364926
6, 6.444583783427366
10, 9.444571723637278
11, 8.98927060396856
7, 5.753613655961718
13, 8.065544832001313
5, 5.162288194889984
10, 7.933652666839671
6, 5.3565285854503
6, 5.626200358825232
17, 13.485805474010492
14, 10.827240480490122
12, 8.571315644231634
6, 4.135115976289478
12, 8.663262284850068
9, 7.7935523111985
11, 8.714294677291488
12, 8.250186236566405
9, 7.019054378459829
13, 10.198330353481142
5, 4.388889697032328
7, 6.451786708410241
9, 7.227329559953735
9, 5.966323507318474
7, 5.9187401658363665
6, 5.511697107952153
13, 9.477524436351237
9, 7.0202890515461664
8, 7.401322264702714
8, 7.285677464723102
7, 5.698999996813503
11, 6.229430122780434
10, 7.335248338649749
8, 6.387790961770601
8, 8.234890040670791
5, 4.401063224794639
9, 7.590693769631961
11, 8.560666744086864
11, 9.027063504610831
11, 9.067990348435412
13, 11.054255848139492
9, 8.511717710451276
4, 4.799552255581595
11, 8.594793549113222
8, 7.980263369889679
5, 4.715893198559595
16, 12.12749561642265
12, 9.966519710184267
8, 5.772793082040668
11, 8.40802229134479
11, 8.720350429026645
7, 5.488905643918271
9, 5.841650076004026
10, 7.535629964847862
6, 5.53222349555296
10, 6.408576182573464
8, 5.250491881733662
10, 7.678534416278645
15, 10.702127310812212
6, 5.322546419845149
6, 5.73584324722658
5, 4.072315036029092
6, 5.580105315020814
5, 5.153043765749157
4, 2.515681461472306
13, 10.552511525126755
15, 9.933358490893934
5, 5.008357746480764
13, 10.41681621299201
8, 5.889499022888086
10, 8.160813117500274
10, 7.292237904932494
9, 6.996859474799217
9, 8.531833320966891
11, 8.92728547984078
4, 4.509295021132601
6, 5.597028778089953
8, 5.537439315639745
6, 5.4180233925802215
13, 10.143560394621156
7, 6.661999095246422
7, 5.687701470807565
8, 5.8548793507740715
9, 7.344136319056877
5, 4.766364748637242
13, 9.026620504767664
8, 7.6893626310271355
11, 9.064884379018919
10, 8.514999795115344
4, 4.235090523318598
8, 6.56498380238855
11, 9.386667502310411
5, 6.428757924859486
7, 5.203969310464667
8, 6.293111772860054
7, 5.494593432918645
9, 7.8352329941301955
9, 6.894113660222022
6, 5.233987465533153
9, 7.392584470706627
12, 8.786007640554617
11, 9.0035895449044
11, 9.21350250117857
15, 10.437570584209098
13, 11.089846897293215
9, 8.549502693325257
5, 4.417664787659169
11, 7.555490699338899
9, 6.817131537379059
14, 11.792388987828339
7, 6.750437984751062
4, 4.612831075810589
7, 5.855229664585488
8, 7.670199816269335
8, 6.9318988067175695
7, 7.102147087072127
14, 10.732827212603484
9, 7.944167393212393
16, 11.615742590767086
8, 5.932061400193461
10, 7.39710981495936
10, 8.054991182486713
5, 4.606973873429192
4, 3.546710513574374
9, 7.208257726006368
8, 6.011319859010531
10, 7.471334181037603
13, 10.552770901904163
8, 6.082998792830096
5, 5.393943146222908
10, 7.590220880354135
9, 6.932858519084388
4, 5.34559208240531
13, 9.172785174545725
5, 4.48415960675256
11, 7.1295839665256535
10, 7.866821537691146
8, 6.353608316641018
8, 6.80111088542866
9, 7.817688610132642
2, 3.089680775988728
10, 7.791894819433151
11, 7.39418110068006
11, 8.412615753285031
9, 6.458454604604725
9, 6.585239671997091
11, 7.554988919698897
6, 5.752147712599039
10, 7.034306654824906
8, 7.031215213609334
10, 8.77775440243743
5, 5.684658038583368
8, 5.982601823477342
8, 6.401115183405213
7, 5.5830528713932015
9, 7.702117288118135
11, 8.579684679541604
10, 8.432921306371188
7, 4.895545146971692
11, 9.310759881787668
8, 5.973472240837281
4, 5.564875229015744
13, 9.385525672133978
10, 7.564593622394068
9, 7.386206392044685
12, 9.998684815525447
4, 4.211892323139056
8, 7.157310808988542
15, 10.861403121560684
10, 8.337864863036968
4, 5.4994474252808585
7, 6.196186289067695
10, 7.093353474432278
10, 7.399470626482099
6, 6.179776054337773
12, 9.154285344155925
16, 12.144518601966093
8, 6.839211295424698
12, 9.586146587311827
7, 6.121810581622592
6, 5.564056476949126
7, 7.183939865385193
10, 7.509879533844813
7, 4.948003703410151
9, 7.825136241015598
11, 7.61031301656177
6, 5.484500042134439
8, 7.185765981067054
9, 7.121324093092652
9, 9.246598938094623
6, 5.046439920430128
6, 5.771201367959103
9, 7.508970069892563
9, 7.247069852920814
9, 7.795502274688167
10, 6.861424419657773
11, 8.370987853118033
15, 10.301679862090552
8, 6.948178109954377
13, 10.073842934226034
8, 6.806488028113056
11, 8.40511564960825
12, 8.330219405442095
8, 5.825460253935279
6, 5.335818469491273
5, 5.166536766805745
7, 6.233306624293129
8, 7.075364963017974
6, 6.735004447002438
12, 9.472043604840607
9, 6.696736233180666
8, 8.255441731124861
7, 5.145118032184596
13, 9.275648044922075
11, 8.819386012903081
9, 7.673061621430481
12, 8.747839150173874
6, 6.258910175664556
14, 10.010961517690854
8, 6.370207291955724
6, 4.952602764717239
9, 6.878777057076546
11, 8.528806325069603
8, 7.893865885740224
7, 6.0239694039772935
5, 4.529921754915903
10, 7.336355588901932
10, 7.800054719859034
11, 9.117950567577395
14, 10.878964361568281
7, 6.346039179988971
11, 7.4483064812931765
9, 8.003318477634693
6, 7.18861163005514
19, 13.29203256984564
7, 6.373878934105088
6, 5.420847133485744
14, 10.175074359093209
7, 7.038241456094499
9, 5.425047967091089
5, 4.2641393683602535
9, 8.805793138942839
7, 7.695670870068241
5, 5.419039068721113
14, 9.772667934830663
10, 8.409723178757009
8, 5.844329388293565
6, 5.378311557157762
7, 5.994544410416364
4, 4.557358685759366
9, 8.40204348561753
5, 5.116609801104471
6, 5.0211941337628065
7, 4.791621148448333
13, 7.404574536229451
5, 4.1804630378456435
6, 6.3046523763607745
6, 6.364564102545274
12, 9.566437519949211
12, 9.081251180911556
7, 5.953817825941874
13, 8.368633539956422
13, 8.733219439058896
6, 6.8691863748054
8, 7.173833789762894
13, 11.232466884933707
6, 6.202682737520134
11, 8.488585004279264
9, 7.904342862976047
13, 10.842524673966013
8, 5.9573144497068
6, 6.718036975332908
10, 9.187546415523414
8, 5.513714665345129
15, 11.215139743334264
6, 4.430330834937715
13, 10.208572420330214
9, 6.118015642678466
4, 4.658433500297595
16, 9.817239636580677
7, 6.747378452666085
10, 8.730049288888308
15, 9.171635526754239
8, 6.71081246680974
5, 5.458850585848196
14, 8.141249815365265
10, 7.687235067584217
14, 10.319447629595468
7, 6.222458622996204
8, 5.581183089163305
8, 6.9122023762809786
7, 5.195434282486334
13, 9.00471311595569
10, 7.775614039347339
12, 9.59592006423494
8, 7.023676558813997
6, 5.074179768711567
7, 5.139553347512718
12, 7.7960829020612445
13, 9.519510762873193
10, 7.006554339264456
6, 5.015720643890417
9, 6.710168936813898
9, 6.695036192729095
10, 7.713821910351822
4, 4.20756737815264
6, 5.322029001952271
13, 8.143571331247259
7, 6.859557899047949
6, 4.192147911320048
7, 5.6830519993280495
7, 6.4581701825426086
7, 5.512230463367532
7, 5.908821419147735
10, 8.008897254325944
8, 7.748275608334634
10, 8.132263251447087
13, 10.004846357786318
10, 6.817975472537152
7, 6.01974944798962
9, 7.028517215884736
4, 3.7990958169501656
15, 10.619027463526884
9, 6.644098289380757
10, 7.89260421767742
8, 5.932408402380453
8, 6.477184723145094
7, 5.561828337756449
10, 8.001202384588256
8, 7.332368143602825
9, 5.749067321143828
7, 6.2116777003239125
10, 7.696042961489463
16, 11.103820917797822
8, 6.278477622329266
7, 5.345533132551676
4, 3.1558549861758527
9, 7.533426682916168
9, 6.846884389998924
3, 3.0147300898812674
7, 5.430449845160922
11, 8.497963113719468
5, 4.340865798767846
7, 7.1343833808831185
3, 3.4789662435331907
9, 7.250050261213392
8, 6.3786517205062045
3, 3.2233894930614504
3, 2.797909136125572
4, 4.103538629717262
8, 7.055209251965209
6, 4.934623596599603
6, 5.249490120850074
6, 6.08367442682756
6, 4.338478313064135
2, 2.996133833854391
6, 5.267382562461149
9, 7.558199577765029
8, 5.638201200757064
8, 7.070256276086546
3, 3.1072265326237445
5, 5.920381538116555
5, 4.44284980347944
11, 7.2186375022511395
7, 5.5494705563447555
6, 5.424669439554598
6, 4.760798864904862
2, 2.7138447152748006
6, 5.265236530401436
6, 4.694196032220367
4, 3.295715184348265
9, 6.781862095718338
7, 4.686665371192891
6, 5.396278804691129
5, 5.099237553359018
6, 5.14327785220765
6, 4.370948121760259
8, 6.461155974743178
7, 4.379421996443077
2, 1.325389124130675
4, 4.527055296109836
6, 4.91964184360689
7, 5.1499709086948275
6, 5.7406918223230985
4, 3.609652744707538
6, 6.643985502121238
6, 5.0083744981903795
7, 4.840283518827368
4, 3.5417477876678114
2, 2.5522999207578723
9, 5.9963076279499745
6, 4.241844589836529
8, 4.844679588209252
2, 1.926771493841491
4, 3.564933953294201
3, 3.337482632969353
3, 2.312042875205087
2, 2.484441175936828
4, 3.293338093222293
5, 3.7370892548018544
9, 6.893448074320987
11, 9.091692484449915
8, 6.19972543535386
3, 3.2728878001280806
2, 3.172497693873905
8, 6.044601130202674
4, 3.4959177609473278
5, 3.867597120317102
6, 4.559660999290543
8, 4.351783161087143
6, 4.524493544807299
9, 6.863419099258042
9, 7.1664933377622715
4, 4.364694648243662
2, 3.4196735913562266
6, 3.8001848076195963
8, 4.946077870275304
5, 3.659399781300788
7, 4.977407976429119
7, 5.090859843862839
7, 5.310202594092135
6, 4.144261349321604
9, 7.677989417849535
4, 4.0920576216561875
10, 7.8567610713725315
7, 4.576831391865466
9, 6.662835727957023
9, 6.230924050729571
3, 3.123293580007177
4, 3.7807185129831034
10, 8.018153002391943
7, 5.016377788262415
7, 5.561871315410265
5, 3.2748226915796494
2, 2.2702401002109065
3, 2.8398315847459332
11, 7.344895720769817
8, 5.065778255752804
6, 4.586554286638221
5, 4.607235289930439
5, 4.884790975411219
5, 3.5428948344269613
5, 4.247410197427969
7, 5.955744419786704
11, 8.635175028739667
8, 5.272627434346963
7, 4.143924437013587
8, 5.133840670142246
6, 5.192149709618591
4, 2.710934657418121
6, 6.564569996928473
4, 3.0360629901433924
2, 2.528972644551416
3, 2.8034028621419025
6, 4.328395422185751
8, 5.5745131003988835
11, 7.668204122911297
5, 4.9769807085129925
11, 7.09025689533614
7, 5.291896830607149
3, 2.878163356459052
3, 3.2915279545814884
8, 5.9995180483258945
8, 6.116828808061714
8, 6.6020418573556565
5, 4.409699424035855
8, 4.881274505947313
5, 5.0269192463760834
6, 3.851774068505304
8, 5.764062018315243
7, 5.002572261149293
4, 3.2406844936188195
6, 5.0834056105897005
4, 3.7336021551815506
2, 2.6546984761320576
3, 2.9920235064958507
7, 5.1663583701564955
3, 2.793674143928275
8, 5.565898579663195
4, 2.3188741543642926
6, 6.995130936035184
6, 5.286532395583439
9, 6.900743036707912
7, 5.918990932602753
6, 5.08407151262703
3, 2.5474137973512456
3, 3.0621735941142023
3, 4.697476076956859
6, 4.5220577373870405
6, 5.686233392019769
9, 5.575899092489867
6, 5.510479689413536
5, 4.173532420853272
6, 5.005850464880646
4, 3.387146166141537
3, 3.3364407807198364
11, 8.101308513393581
4, 3.691825153753327
6, 3.867120288735925
8, 5.706263060214761
5, 4.683605871910652
8, 6.511751306957879
3, 2.146511791511646
5, 4.450127598236228
9, 6.9775235620098925
7, 5.040846527283436
7, 6.135242964178772
6, 5.895611024227558
8, 6.021882571641134
1, 1.9864099131641726
3, 2.853186258106919
6, 4.389304069637984
6, 5.388224472728529
4, 3.272004476102111
8, 5.7382551565245885
10, 8.16690038318737
4, 3.989336702181335
6, 5.480746209736886
7, 5.026293608198923
7, 4.232262859716257
7, 5.045402554647564
7, 5.656586751554067
2, 3.0889817299895035
6, 5.507764986585636
7, 6.28867010897784
9, 7.309371813591928
8, 6.12325386772108
6, 5.013679727424632
6, 5.646107907055049
6, 4.730866808567162
3, 4.485527024857531
4, 2.94782915067637
8, 6.79568206583117
10, 6.792104573354429
5, 4.367226207393238
7, 5.62705058043336
6, 6.019585638486447
5, 4.735995765071809
2, 2.8702997265288186
7, 4.685046159362108
5, 4.788897642326078
7, 4.237711649688954
3, 2.6156698619159235
11, 7.915698098206021
9, 7.189943864566945
7, 5.450327685985904
3, 3.075920320136331
3, 2.9604312222543996
9, 6.762114644145864
3, 3.454592205206882
7, 4.584030198106122
6, 4.75065288857369
5, 4.580658103865717
7, 5.776446871490102
3, 3.4358590928451345
9, 7.857966023553102
6, 3.856027827636338
5, 4.08583219117541
7, 5.950881102022481
6, 5.388754618309839
5, 3.6748525447028833
8, 5.623518659592566
12, 8.541029799697617
9, 7.166237406379342
9, 5.883083528318736
5, 4.081788970898934
6, 3.7591193937737786
9, 7.4261534495842225
7, 4.212655015267853
7, 6.1804465929981
5, 4.724371452879054
6, 4.9425680041373985
8, 5.63346729323262
2, 1.661948381194379
3, 2.588937446455828
10, 7.224460631459825
2, 2.3413908543447532
4, 4.016861899120077
14, 10.384128759437788
7, 5.807314170816526
5, 6.023783031984649
7, 6.039012855491323
4, 4.623304735251469
4, 2.4939696358512875
2, 2.389656719617773
7, 4.985177619820447
7, 5.5654544808794935
7, 4.907275226757192
5, 3.304989203923724
9, 7.237972280395282
3, 2.882782538034025
6, 4.70335135781548
6, 3.951256534691967
10, 7.333284392654106
6, 4.568496909235675
6, 4.498552429010054
9, 6.9974641354133755
7, 5.585381370300503
9, 5.042784187793596
4, 3.3805193429082943
6, 5.290134602213449
9, 6.7797528098415905
1, 2.445916421719784
6, 4.655072563757005
12, 9.484682436179673
6, 4.629600496840259
4, 4.416575298897978
6, 5.095576059088334
7, 5.142887800174946
4, 2.879310901155789
5, 3.2377571713279134
5, 4.121193036951664
9, 6.957805540227485
3, 2.1358797011237156
8, 5.496803605768277
4, 4.16725230723435
9, 5.8288964794041584
5, 4.730811949543897
5, 4.257309335744891
3, 2.7448293727261204
8, 7.999264398351039
8, 4.86585179812559
3, 1.9735743130695924
3, 3.03702204721194
4, 5.173316096967353
8, 6.4277933147701205
6, 4.588786966128759
11, 8.504283081743363
5, 4.766279248417192
7, 6.129451482192304
5, 4.857401410886487
3, 2.8569633901794473
0, 1.565098502897211
3, 2.8441423068179166
6, 4.702221563191003
8, 5.241529114850524
2, 2.8704182388035377
3, 3.3183309906378384
4, 3.277633253931982
11, 8.399741123165729
7, 6.033429740462809
7, 4.5563585256552335
6, 4.751735944979018
7, 4.259546680879596
5, 4.622616197710392
6, 4.460795045866638
12, 9.012126768640941
4, 3.867218930322561
5, 4.1392693390489335
2, 2.140553632898364
6, 4.459727102652551
7, 5.273274707208905
8, 6.928773589699423
7, 3.876040263510077
5, 4.584181235048329
6, 4.519835981994337
4, 4.542203732710593
4, 3.5816815737787326
6, 5.239616281383942
7, 6.222961537853044
7, 5.466500905291373
6, 4.702566032704084
5, 4.846171401226523
7, 5.247746989596907
8, 5.154603126011105
8, 6.647654847392823
6, 5.486351354846287
14, 9.728636164587888
7, 6.450478311189368
9, 5.401599630054504
12, 8.288511181810565
10, 7.466340471397752
5, 4.637078080233909
10, 8.394813471293373
9, 5.338831956794885
5, 5.117662750616675
6, 4.4590879603816855
6, 6.230831330311348
7, 5.00980568918659
7, 5.668887503826044
7, 5.341668473514371
4, 2.9624762674717973
2, 2.113688118762773
4, 3.1555384721280078
7, 5.974043551848544
5, 3.5673087673385697
3, 2.603632575423722
8, 5.543405249112699
9, 6.407735076173798
10, 6.560944156885121
8, 5.827078812865617
6, 5.18440043899904
3, 3.6111429295984467
5, 3.177843417840913
5, 4.174509993886128
6, 4.197534806668501
4, 5.053030603986963
8, 5.967312324396301
8, 5.948694237891986
3, 1.4579981118396133
9, 6.86493854812844
6, 4.209095084229306
7, 5.516051163490822
2, 2.276706413011234
5, 5.423328868430421
6, 4.244872891787126
6, 4.850730284576531
6, 4.677353592799636
10, 7.763844176780581
4, 4.269054614429599
15, 9.888718746833401
4, 3.787427252621697
8, 7.20337340133259
6, 4.089413899657746
7, 5.538155599156498
4, 4.0964670660285885
6, 4.877361026969452
7, 5.198376032318087
4, 4.195443201372799
10, 6.851448660821622
7, 5.015061675689525
7, 4.224495613648876
7, 5.324679976694494
9, 6.74331254326367
4, 3.1469920032489886
6, 5.8705942657840176
8, 6.844369832165761
8, 6.629589832803776
7, 5.732736379579534
3, 2.551715255002422
7, 6.138131599770539
5, 4.542473869413881
3, 2.81917370053163
6, 4.295615530492815
7, 4.92110373619696
4, 3.99470591374841
7, 5.671897281518655
6, 4.937163546780066
4, 3.631938942922737
4, 3.334859886115147
2, 2.766378644564606
6, 5.006111405842283
8, 6.3681425479731475
10, 7.041158618799303
17, 12.21217222393007
10, 7.447511634619807
12, 7.65414275909028
8, 5.4300540211490285
5, 4.246145208180886
7, 5.302575235585838
9, 6.33949688028356
7, 5.874962080157659
4, 4.141263525062175
3, 3.379364425958546
5, 4.480603356336658
6, 5.247734208466249
4, 4.524107585938845
8, 6.168804329292202
8, 5.593457913025619
4, 4.415189904631853
6, 4.355014396153243
8, 6.189567248824528
7, 4.958944986387768
8, 5.804290599482122
5, 4.100688231183335
6, 4.630781746828044
3, 3.687529021255366
9, 7.987747097286009
6, 4.651096063167278
6, 5.251071256343959
8, 5.806760438626362
5, 6.005158053239976
1, 1.39140651923383
6, 4.679749681328133
4, 4.04779002443984
5, 3.6514352346219394
6, 4.8054712069223875
7, 5.469440434547233
2, 2.558368879113392
4, 4.535468692893469
3, 3.4686212441235447
6, 4.43296109082577
5, 4.5825370317409195
6, 7.1447945627195395
6, 5.424917326112839
5, 4.126267633327159
8, 5.576976235261785
7, 7.031414833282065
3, 3.6804936895804365
5, 5.7921780192982375
6, 3.8563217751149477
7, 4.818382023408896
6, 3.7662345336617618
6, 4.655740716433832
8, 6.24192578468801
4, 3.5075086606817134
5, 5.020469304736042
6, 4.249414373709015
2, 2.6701357761035838
3, 3.447844729963643
4, 3.1513437290718156
9, 7.531428009888298
7, 4.9388441129260245
5, 4.287963608790184
7, 6.161454247009078
4, 4.004988862674356
7, 6.479553231523859
8, 5.516288328201275
6, 4.818717488028965
12, 7.578234166905708
6, 4.294675315366771
1, 1.308857530169572
7, 6.2669347751803635
3, 3.808931874201849
6, 5.122517135416322
9, 6.924856300508597
10, 7.920805387171137
15, 9.026543665111427
3, 3.7810535179474845
6, 4.790576167898057
10, 8.19854573037466
5, 4.131990825162044
5, 4.5528809506638055
4, 5.092617378353671
10, 6.920702234486232
5, 5.374077159525627
6, 5.479239423951412
6, 4.316569085917975
12, 8.722507754107589
10, 7.068975407114884
6, 4.030189860546385
3, 3.1669208082864846
2, 1.6810717660994265
7, 5.319150664157679
6, 4.693960018474904
5, 4.066687650389207
4, 3.2361219665341503
2, 2.579446358118727
8, 5.484672237199259
9, 6.876376322638975
5, 4.566187375715022
5, 3.2555446837218405
4, 3.056603080188507
7, 6.7085801028172
5, 4.18691945743419
6, 4.171530057265219
7, 6.2989773824893724
6, 5.193055371528074
4, 4.3903690547973895
9, 5.789076827804915
4, 4.060101319328677
9, 6.646264584223268
7, 5.8229534867969495
6, 3.9828982428741773
7, 5.143794853824239
5, 3.7388340503148028
12, 8.757965579829065
6, 5.566226759641221
10, 7.184509054883779
3, 1.9302360467541644
3, 3.623909850238283
4, 3.2939320360484428
10, 6.557831320644293
7, 5.44485506105683
5, 4.409862296445531
4, 2.7501247698102502
8, 5.18742207828332
5, 4.219748170511784
9, 6.09745896113859
5, 4.288143470819622
4, 3.950781614177743
8, 5.17075104482578
7, 5.083340494276693
9, 5.83937821413981
8, 7.071819580711609
7, 5.416430119885924
7, 5.4350486242325164
6, 5.284307300283774
8, 6.083973198044869
4, 3.992011153815282
6, 4.617530161552853
2, 2.075026711930767
5, 4.993224705267069
6, 5.366503618371102
3, 4.972890956687616
7, 4.993584005023927
5, 4.987619447613783
9, 6.6092240808695735
4, 4.052011119386393
3, 2.721106891968189
7, 4.680246319557909
5, 4.6913028475600225
1, 2.0176846504591497
5, 6.001351092381063
3, 3.738726586276863
4, 3.523490773997587
7, 6.061874222038149
3, 3.330494026382866
7, 5.047150812253823
5, 3.6245490081053298
4, 2.359955808489983
6, 5.693943570282243
7, 5.185135605620154
9, 6.160248744227985
9, 6.4943829160977335
2, 2.6434004239537217
8, 6.3307966638824436
6, 5.888524544882195
9, 6.372315318174183
3, 2.9499574253989906
4, 3.716064009668344
11, 7.9532453048558605
6, 3.5410610334878863
6, 5.225435460890366
8, 8.397657641528415
8, 6.382925225960919
10, 7.671919457864982
12, 7.736913972340917
6, 4.545937638608906
8, 8.387491601349288
14, 10.335374502211764
1, 1.804487847414474
2, 2.7452212644436966
7, 6.094891701181753
5, 3.230222693668467
1, 1.323274738794933
6, 6.105159720435865
5, 4.928650571849735
4, 3.581698198984941
7, 5.655058032670059
5, 4.867136944279586
7, 5.500949153268073
10, 6.648722206561352
6, 5.616108547483994
5, 3.685728488472471
4, 2.993070059222476
5, 3.7966030646749847
7, 4.7235589272234
9, 6.328720099982852
7, 5.292905803401992
1, 2.679388726739476
1, 1.7170168018448793
8, 5.410775098210962
7, 6.299772809909489
8, 5.963150098321295
5, 5.239494113938342
10, 8.490005396389085
3, 4.1668108825502
7, 4.414578798742427
4, 2.8168106805131363
6, 5.072285646754323
2, 2.3214752618338688
8, 6.007311006190671
5, 3.050453672716474
4, 3.599583587726153
4, 3.890538735755626
5, 4.365157500320782
6, 4.2283045413214655
3, 3.1386058068218063
8, 4.666187979750415
5, 3.7005079618004117
2, 2.538031842124999
5, 4.649961178491321
8, 6.8510097651252755
9, 5.886589512643132
2, 3.1078787056910135
7, 6.432532534121386
11, 9.695680115487635
7, 5.005715035589096
6, 5.3982604258720706
6, 5.5474762121708805
10, 8.242795752752427
8, 6.3932916704635305
2, 3.115463330189625
5, 3.8966201152115367
4, 3.803545865770077
3, 2.772004600871017
9, 7.158744963011059
5, 4.97564202030735
6, 4.473078425156995
7, 4.902951711367892
3, 2.997513123687388
8, 5.975732420415297
8, 5.687387342068446
5, 4.600465913730303
6, 6.639551027261578
9, 5.348871819721937
5, 5.02926896931864
4, 3.8092442952729573
6, 5.546441622580058
8, 5.877264226094238
2, 2.5371275805425033
6, 5.866298413129121
8, 6.842136706841867
5, 4.310385437064006
5, 3.1279293895298497
4, 2.98194351132371
8, 5.16332917076542
6, 4.695187863908391
7, 4.961227276749473
7, 5.34981665560185
2, 2.640981653108913
5, 4.294358411078263
7, 5.293913244441704
4, 2.8369378831905294
8, 6.935174779283165
8, 6.1163211344119395
9, 6.602033640533382
3, 2.928244791092177
9, 5.321222904151784
2, 2.6107278059100123
3, 2.9435951309361568
5, 4.107182443857978
2, 2.7367109080162217
8, 6.3522740055833875
1, 0.9733310141735246
11, 7.22768877657269
7, 4.995324347848203
3, 2.7692457425984536
5, 4.951132758450903
6, 5.78366893247502
4, 3.528558847042875
6, 5.846859892498837
8, 5.262604378580353
5, 3.9885311050008276
6, 5.6662484409411515
8, 4.924385519211292
10, 7.6930731171152065
4, 3.9060605827432404
7, 6.5345231041326555
2, 2.921185564444298
5, 3.6062279576123197
6, 3.9073461999279173
5, 5.116368768068484
8, 5.891108576863615
3, 2.591109737454636
6, 4.119471650259597
1, 1.2601730851337423
4, 2.763571317016545
7, 4.704195629356076
4, 3.2018104720412315
5, 3.401577142089218
9, 8.493000692770604
6, 4.879176033367837
5, 4.175737513411677
5, 4.640223695891561
4, 4.254136305374629
11, 7.375235142421679
3, 3.3433109592965256
7, 6.448907580697745
8, 6.4461535438293325
7, 4.448061055948476
7, 5.272244307127975
2, 1.5986419339046514
6, 3.9795603061819165
4, 3.010373452672464
2, 3.035936896388367
5, 4.778751419576605
5, 5.024077968703546
7, 5.492455612884285
3, 3.1438788078423867
4, 4.603915978428864
4, 4.326340766592518
4, 3.7124790622331796
5, 4.228111393166745
6, 4.569113596054956
7, 3.8496517777919457
7, 5.373185579540215
11, 7.9802465860155785
7, 5.105500405076025
5, 4.791159086706698
5, 3.8267495748219775
8, 7.7659861824464915
7, 5.288371582831451
8, 7.4417875983428825
11, 6.480035850865838
2, 2.241520776297545
3, 1.9549482622617
9, 7.462454221670092
7, 5.981806395223446
3, 3.517283362391584
6, 5.50615491542806
8, 7.498129122111282
3, 3.0397327973832966
7, 4.776156373029299
9, 6.82348120118758
9, 6.090091741931752
10, 6.8858229853453965
5, 5.329676478786708
8, 5.686768030275209
6, 5.048419258886785
10, 7.431124155336107
7, 4.972392822439949
5, 4.752790250498797
8, 6.756179100704212
8, 7.604451212236216
7, 5.642058439332126
14, 9.246043706688297
2, 1.8729997230400959
6, 4.796331455590256
8, 5.864885101721879
5, 2.95914255045143
10, 6.792133734637149
5, 4.600004181860626
9, 5.6077690119506824
4, 4.594983017262451
4, 4.457824828336535
7, 4.970648947059642
8, 5.994704294447598
10, 8.288579603331565
5, 3.922966276138182
6, 4.508497218503822
12, 9.231510347312193
8, 7.241642479645099
4, 4.099354456277531
9, 5.3045144239791755
4, 3.823915505369542
2, 2.5030623623685346
9, 7.084259272404886
1, 1.2085106970226138
2, 2.107085406834453
4, 3.927478029532402
5, 3.7767773442424617
7, 5.638088796568987
3, 2.621942064669761
8, 6.30579873246642
6, 5.5201095296375735
5, 4.304403391254679
5, 4.224236936921748
4, 3.3357484846610856
7, 5.992590581103993
4, 4.711705654818637
6, 5.519712605868129
5, 4.90948382913253
6, 3.9375024886293817
8, 7.537536774274397
7, 5.552175105468459
9, 6.416273452621125
6, 5.88715947286213
8, 5.743579154899113
7, 4.791299828791151
7, 5.210700244782637
9, 5.120476698180362
6, 5.067396662940856
3, 2.7753134799468873
8, 6.483067690973567
5, 4.5103967277948085
1, 1.7228652252166081
9, 5.993470072605938
6, 4.819598215758402
6, 5.563893795423914
6, 4.577188994980532
4, 3.3846226394329157
6, 5.1053443544655295
6, 4.9179767446077145
6, 5.17984175095088
7, 5.199579957573246
7, 5.378671417799288
2, 3.027179929642997
6, 4.786542641861247
10, 8.288127683792107
3, 3.6575947986897135
4, 4.402595614565295
9, 5.4193300004723115
9, 6.548108215339771
2, 1.260113052566616
3, 3.818058970603487
3, 2.252599106602603
9, 7.674101393087383
3, 2.4644086732319153
4, 3.249038245286379
6, 5.217698187777582
9, 6.2654903902127534
5, 4.566888515358931
8, 5.003985562878372
1, 1.95710959030916
5, 4.114145314783083
8, 5.734300055495444
7, 5.064530045632113
3, 2.435530026388634
8, 5.620967086899999
11, 7.781402518194183
3, 3.429993001419535
6, 4.8274081186835005
8, 7.332516510406577
4, 4.253655585994537
5, 4.7815183888020325
6, 3.6576047232644604
11, 7.240378915865521
4, 3.6785447624741963
8, 5.346622809724853
5, 3.9405096536966453
4, 4.702233738952245
4, 4.939136861383749
9, 8.277635266128327
5, 4.505511388455397
5, 3.3433452833503536
6, 4.384254095744611
4, 3.5860959587731527
3, 3.6876546882274988
9, 7.079825752202647
2, 2.92324396626953
5, 4.1991098116233765
4, 4.123098213721985
8, 4.67957431265017
10, 7.059740774632338
1, 1.8689143011500817
5, 4.631052141951888
6, 5.284912389941947
3, 2.6622288612088867
1, 1.862837711021425
9, 6.525949814462266
9, 7.3379501740467825
7, 4.889404455442273
3, 2.5640101632347587
7, 4.124814354280128
8, 5.639760908743531
1, 1.8293239952989502
6, 4.915139634453702
9, 6.374751087991521
3, 2.6166982559122447
5, 3.8569250364168233
7, 6.679438433391398
4, 3.3048249607835816
8, 5.635239137354376
10, 7.618658951859505
3, 2.5102974420580564
9, 5.772988347184067
5, 3.4890208343688305
7, 5.980668876672678
7, 5.471447059768718
10, 7.641346115964068
7, 4.702047117258353
7, 4.837671740749732
11, 6.811743107449113
9, 7.166342566200635
5, 4.175246187519586
4, 4.361626056933182
8, 6.508656942281667
3, 2.9886129107250508
3, 4.189744869513768
5, 4.6895813256948955
5, 4.207547689582243
6, 4.696973716496296
8, 5.748750839000263
12, 7.861546111631108
7, 6.2434227717816775
4, 3.560238736740493
6, 5.146122760611477
6, 5.051930392663126
3, 2.9655529056383263
6, 4.822335815377438
6, 5.741670012201347
4, 4.333280424009264
5, 5.253368860406786
3, 3.3760359739878445
6, 4.474361704088081
12, 7.639876213201178
8, 5.207597352037899
6, 5.985262109692693
5, 4.831415470856837
4, 3.541399949847914
7, 5.658859123743006
7, 6.172435050414022
8, 6.071680231645873
5, 4.275680098591205
5, 5.099775022928888
3, 2.2578403804580978
8, 6.031260970584531
4, 3.8346838215215704
9, 7.994331539378382
3, 3.5345416104772376
6, 6.747236866218616
7, 6.838076576665155
7, 6.9202927533502905
6, 4.156777265600868
7, 5.187116648858204
8, 4.967031856483984
4, 2.931559753559812
8, 4.992952604527602
7, 6.110623249188636
9, 6.273342267872355
8, 4.965408469877477
8, 5.880223022048219
5, 3.5513568946160103
7, 5.485196152220211
8, 4.845105202441043
4, 4.038392704361472
4, 2.6691944472850437
8, 5.278960270393538
5, 4.738935839436385
4, 3.6836184775522978
2, 4.027728706521225
3, 3.284332039638695
7, 5.363411505755586
5, 6.101043794246711
8, 6.212391027670052
7, 5.459691566815575
12, 7.633454589112055
7, 5.314476345531197
5, 4.269501705847693
8, 5.498617190169692
4, 3.5278036931056866
6, 5.18490364334827
3, 3.632270173758702
5, 4.123723531452345
9, 6.060372247392475
4, 2.941493473922274
4, 2.882478735309144
8, 6.6788341270573195
8, 6.1151117262506265
2, 2.9797790965762774
8, 5.8987567118663735
8, 6.37343931634461
8, 6.794499057999924
7, 5.055559830920505
3, 3.448418625484917
5, 5.8760448888971055
9, 7.119782932891409
2, 2.6792651780818098
7, 6.322092224895644
1, 2.5362393046890905
4, 3.66822853213333
8, 5.413218446586759
4, 4.429269114041773
10, 6.436731341940645
9, 6.51437693162225
5, 5.292258425144113
6, 4.719439144114232
5, 3.3908095921144144
7, 6.0182767044609635
7, 6.26103183844288
7, 4.702998420561243
9, 7.81660342567557
7, 5.371902936340821
6, 4.346827225360527
8, 7.296296901692223
11, 8.553773262033518
5, 4.791976432707783
5, 4.713836266180567
5, 4.844569339577993
5, 5.151922082442674
4, 4.5743897754836125
9, 7.120268552716446
9, 6.245738249800721
7, 5.582592026280571
4, 3.972718313545889
4, 5.191480511444782
4, 3.715874275409274
8, 7.421220237977993
6, 4.8279894019731495
3, 3.6378911353846104
8, 5.587574434195054
5, 4.300613320488059
3, 2.6299746330982474
9, 7.682864994240766
5, 4.4231142567918535
5, 4.424089312999968
6, 5.003309182877805
1, 1.717542964857027
4, 4.334031901817052
11, 7.151249039624329
4, 4.07470446133673
6, 4.767492616023748
5, 5.218112686975994
6, 4.202720123872044
3, 2.7544439505321385
6, 5.379473614278531
5, 3.5647243998349976
7, 4.523285557483178
4, 3.3618568384520677
8, 5.894013989499412
5, 4.035307291072376
9, 6.604845026425412
5, 2.7221446325082197
7, 5.2781888898166445
4, 4.902594838408334
10, 7.515531541124145
4, 3.7797670163207604
8, 5.768556360564283
5, 5.365231571286682
6, 4.473649279680993
5, 5.186719631201925
10, 7.75824071879317
7, 5.114777528937838
6, 4.709175336183747
6, 3.5435489379479557
14, 8.933910934860457
9, 7.035603335560483
9, 6.730999710477267
8, 6.632363636023592
3, 2.657449423928405
6, 5.347017335916585
8, 6.099364100846769
8, 7.103759410603404
6, 4.987156710651501
13, 9.050355282671637
8, 7.604077775479868
2, 3.839739554062542
4, 4.484939889108666
4, 4.848777708949581
0, 1.4849665262949217
8, 5.732887911125345
6, 5.678862262655531
10, 6.8204537987057945
11, 6.454851806744717
8, 6.852792924319117
8, 5.212868351572721
6, 4.358046867978562
7, 6.307554804067884
5, 5.690089843958451
4, 3.8255667058394196
3, 3.0268707179953878
6, 4.433619941667164
4, 2.9218014929966265
10, 5.829713758708905
11, 7.730388178895506
6, 4.989860875451415
7, 4.876909955873181
3, 3.4623623622346353
8, 6.0797463246948125
11, 7.718831595144474
7, 5.621969403192884
4, 3.761545196980617
2, 2.4329130418890093
7, 5.052716150617008
3, 4.048960083255511
3, 2.5968414921644802
7, 5.8052541779886155
4, 4.454902174160267
6, 5.669018466734498
5, 4.463073578482876
7, 5.129843209162709
6, 6.692537170267014
5, 4.499825081420055
6, 4.702666929065096
6, 5.254328099026723
6, 4.341421061774132
3, 2.6790459412169563
11, 7.934695240259111
5, 3.6472030891500413
4, 3.9305613043287364
7, 4.325576570552459
4, 2.8047530765982915
10, 8.603734545072067
7, 4.874602554341332
3, 3.588545871171372
2, 2.1696235807990267
4, 3.0632048570445787
4, 4.8744111264609895
5, 4.2128884694661615
5, 3.0898009494282417
2, 2.3059043931806427
3, 2.9844014616751697
2, 2.2017683807729664
4, 4.374361053342576
9, 6.365770352125025
8, 6.824457724336165
10, 6.5899533178562315
3, 2.4560686586187397
9, 7.3347329930982745
5, 4.164985929840847
5, 5.543901397481269
5, 4.569814935246094
9, 6.622033690925282
3, 2.6171876487053805
4, 3.514387115756339
4, 2.9101557945277343
7, 5.585214814219327
4, 3.326083044043732
4, 4.0808529992975835
1, 1.9807222145505892
5, 5.306572921720772
9, 7.974598219606223
5, 5.931381364178911
5, 4.021710700163391
4, 4.142512590096227
2, 2.1987451009930368
7, 5.451615857657268
3, 2.9645427708846017
3, 2.5606772446914334
7, 6.077564062777543
7, 6.102604509678702
3, 3.5349480824743456
9, 6.692481327236188
12, 7.416702124175047
5, 4.61827990132199
5, 4.761277074338414
5, 2.9562090646712615
4, 4.2885670755030825
4, 4.217736507934485
4, 4.005215574376052
7, 6.436310387937923
4, 4.154452995351555
8, 5.035142076795857
3, 3.0946346801902442
5, 4.808370073485245
7, 6.487805389943726
6, 6.4704148805748325
5, 4.725668450539825
6, 4.210216913482886
6, 5.282608332593456
6, 5.533413127667078
8, 6.567253557047645
8, 6.775321291181627
4, 3.8888637743099044
10, 6.137320395721528
2, 2.3807757288304408
3, 2.9201192885787055
6, 6.486308999830969
3, 3.3829809882956074
10, 7.511978756280104
6, 5.168961326108415
13, 8.063646197269689
6, 6.645337825823981
4, 3.8972235385381615
9, 5.293200149456763
11, 6.7715282585603855
6, 5.065646686295953
2, 3.9289123534801114
6, 5.582392479702037
8, 5.6935658515838306
1, 1.325464397523517
1, 1.7765000704567513
5, 4.193924592294168
5, 3.7252575825366665
4, 3.3330543008664733
4, 3.1218093726647647
5, 5.23788796970194
9, 6.3424150403136474
11, 7.039264081853618
6, 4.5010762927281345
4, 3.263856295592071
9, 6.250867072232768
7, 6.464127849198679
6, 4.219814241110242
6, 5.243745652522471
5, 4.887712036498962
2, 2.5130127243702547
2, 1.5926770240428092
4, 4.775897030284199
11, 7.202018832450614
2, 2.0587707574725544
7, 5.80677131478329
11, 9.419637683220497
4, 4.678075306991098
8, 7.105788002009709
4, 2.8638612997901434
3, 3.1870558825541657
8, 6.852216814970739
4, 3.6473253821799045
3, 2.823160346411428
5, 3.6048285697540416
6, 4.0207987699512415
5, 4.3068739190710055
8, 6.107592226195944
3, 4.147778305587343
8, 5.65478219856769
3, 4.244363189399217
7, 4.440065460294632
11, 7.35584368979544
9, 7.41012516834684
8, 5.969019506792231
6, 4.815451010412489
8, 6.255302330443302
5, 3.636328096401288
8, 6.992057752636892
10, 6.878967411673714
3, 3.7685723327783505
6, 5.283219809135092
7, 5.807942248055372
1, 2.7605677722051514
7, 6.390137136023448
6, 3.85817195025642
8, 6.286420028281805
14, 10.76156763416674
9, 6.845451857513574
5, 5.056992527893218
9, 8.983770849423449
8, 6.0651949633603035
8, 5.813481072938217
7, 5.487868134459356
8, 6.057072502195059
5, 4.212419206567774
6, 5.148463192452196
8, 6.447752242780379
6, 4.815453403043498
6, 4.13522152203386
2, 2.4232573106598703
3, 3.114472818415402
3, 2.7412401601479828
8, 6.7158867259675405
9, 7.498682014802001
4, 3.197160512347367
8, 6.049602342749042
3, 3.340747187834904
5, 4.396289356030281
6, 5.706542353831799
6, 4.811123470682863
7, 5.4983735022923295
4, 4.763559577438555
4, 3.2027446091619685
8, 5.914643131478327
8, 5.519885564514965
4, 3.9269089453561
8, 5.756353751032886
6, 5.678223244467026
3, 3.99345415450833
3, 3.668173035333439
5, 4.013418747607224
5, 4.223448230624036
9, 7.723408688722363
5, 4.244200775755083
9, 7.0221589181111534
8, 5.815983511252107
6, 6.288473151393589
4, 4.226287726407355
4, 4.550290133938504
11, 8.907791323298532
6, 4.022523252789696
7, 4.730140416464612
7, 7.2922623111266205
4, 3.9321127909750286
9, 6.013080753727681
8, 6.064226754673972
5, 4.501070541236481
7, 6.120630191813993
7, 5.074791614602458
7, 5.32633484129837
10, 7.315669445325946
6, 5.052754171272902
14, 9.935092890640115
4, 2.4923713612470224
5, 4.216649133059811
0, 1.9007432824760027
3, 3.8607391795008246
9, 8.338898913090384
4, 3.860106562289265
7, 5.8366214427235406
6, 4.901611277072372
1, 1.6011597415514418
9, 6.598910205561135
10, 6.563299195821092
5, 4.016599763381489
11, 7.577168955241464
6, 4.3435825011715
7, 4.895782611000757
4, 3.0538600556106403
5, 2.967877921519249
4, 2.7463475117650145
5, 4.7156049388611585
3, 2.8886389451014103
10, 8.061744634822704
5, 3.5419011547973676
5, 4.7973998022695605
8, 6.073403445883391
4, 4.236253277763516
4, 3.0652275753617673
4, 4.126241424457517
5, 4.353658656579774
8, 5.844039789047558
4, 3.0185998043838325
10, 7.17290698522653
6, 5.00361034921161
6, 4.0476311627560415
9, 6.842134746081636
2, 2.090726873938161
8, 5.291209538219872
5, 4.019416445935545
2, 3.357390882428149
8, 7.441719393549285
7, 5.794769215623856
8, 5.311359300266406
4, 3.741319346551456
5, 3.33837179616879
9, 6.597736165926987
7, 4.010554278001689
7, 6.503324203383575
13, 7.984171150845127
3, 3.0963545816225624
6, 4.8171422945505205
5, 4.539568315828349
5, 3.217148950394443
9, 7.389650127891571
5, 4.33179379595629
4, 3.249417357673186
2, 3.3541232863949855
9, 5.698906498596166
7, 5.495365977892493
6, 4.829762351094949
5, 4.392752287511089
7, 4.779080353754782
12, 8.566751366127358
5, 5.402123048628296
7, 5.48542065885564
12, 8.316173701149948
6, 5.510802292464512
3, 2.601358349454791
6, 5.868807375748011
7, 5.829015753555427
11, 8.656540917252864
3, 3.2993439471507857
5, 4.617928394820952
2, 2.1429535522984247
5, 3.935275536646614
3, 2.929534032623554
5, 5.120676862199055
7, 4.491513938587463
3, 2.6848548650912054
7, 6.154854028533684
7, 6.45307879338381
6, 4.803119355951496
9, 7.433369633581754
3, 4.154431092439035
5, 4.439904239488139
5, 4.211499186088227
5, 3.233465061548549
3, 3.446308095381218
6, 5.842252742820592
6, 4.78886405264133
6, 5.091818682664321
6, 3.599618587913778
12, 9.25690851102934
7, 5.782781004550297
10, 7.451771413855671
6, 5.107929989267188
9, 5.7129343879750625
6, 5.1010837635830715
10, 7.513450802188823
4, 3.6408654446808355
9, 6.493995576820228
5, 5.138281839356543
11, 7.331390977798276
4, 4.8996640813030625
10, 6.752293587180271
8, 6.450821792346339
5, 4.909066173586393
6, 5.379735784238301
12, 8.737281887303608
4, 2.9987410353383397
8, 4.713716276137684
5, 4.535489506828358
13, 7.071990776596998
8, 5.960791717821847
7, 5.284997076355033
5, 3.9457160556193673
4, 3.772726580050531
6, 4.211932543292554
6, 4.435288581393434
9, 7.368292521471577
2, 2.1693133613415996
6, 4.651946106260541
4, 4.197704363212514
2, 2.6923464340269816
5, 4.270549931841251
4, 5.9537346723728435
5, 4.691627960711859
10, 6.444105171551003
4, 4.220751097732355
3, 3.594666496697134
9, 6.654759352637303
2, 3.5796388205632277
8, 5.926475868522097
5, 4.849063338559746
8, 7.049697568307992
3, 3.5599495970340103
5, 4.743703488154647
4, 3.7536011003518497
9, 6.1071512939361625
7, 5.4754496109901325
8, 4.99824971752382
11, 7.792332255462632
11, 7.569722009268449
7, 5.601660916317016
9, 6.737334326065697
4, 4.5166961647255714
13, 10.26063674946313
10, 8.289217966266595
4, 3.867568241299968
6, 5.041526890828614
8, 6.786170788774299
6, 4.680503040468395
4, 3.4754832377030165
12, 7.911378931932568
3, 2.3633873911832732
0, 1.5369085199257584
3, 2.475822177438391
7, 4.85243620860753
8, 5.763509287595997
3, 2.5314123526354817
4, 4.907265478430583
10, 8.74522054576721
2, 2.290486001363724
11, 9.873051712827305
8, 6.93635395015404
8, 5.014635252056316
7, 5.8630879682322155
6, 5.882735379329618
8, 7.496245348215448
8, 7.46876226784389
10, 6.062226969883508
10, 6.330395001861638
5, 4.361626531070162
7, 6.938867336024706
7, 6.251770166650778
1, 1.818547961050745
5, 3.1480110888080004
8, 8.12629335929424
6, 3.64237862672274
8, 6.415053372035458
6, 5.523939655891348
4, 2.535912717139973
5, 3.6715452311308443
6, 4.6669485387936405
10, 7.198037301432652
7, 4.99452272472557
9, 6.476878262215495
2, 2.366641096304438
7, 6.320913019295039
8, 6.000637552857763
3, 3.9738566372421196
12, 6.762775360626188
2, 2.62561469342741
6, 4.702141373569678
4, 3.0462151249930938
5, 5.033537582945492
5, 4.896233580460188
5, 4.845590329765217
5, 4.954348131738181
6, 4.593368779041124
6, 5.259296646496757
9, 6.318423439464948
7, 6.0733310142148555
3, 3.301539463582549
