Threshold, Curve
13, 12.89982021081676
8, 9.659424028678352
12, 13.916716810989287
10, 10.347044913659047
15, 14.008394563634067
7, 12.047257371347555
12, 12.803165164352835
15, 16.645339735651696
10, 11.70951653962208
12, 12.004948689521852
15, 13.901424606806348
11, 11.476427905138658
11, 13.761188941124939
13, 12.994824957071097
15, 13.9274934005088
15, 16.633899504559018
15, 14.74208272626476
11, 12.226697204685792
12, 14.198571018295164
8, 10.928551818706051
15, 15.669003666369719
10, 13.429790565602207
20, 17.498372290657827
13, 14.626993082254158
17, 14.863381198315171
16, 14.663015455331626
14, 12.658092718785124
16, 14.723568653987318
15, 16.884556459352183
12, 14.853592015355494
15, 15.537270130090556
16, 12.570062450273916
18, 19.038040963427797
14, 14.809107780831031
17, 15.071983947654616
18, 18.16096275967513
10, 12.64987717177736
17, 18.290265112040508
11, 14.150126030054222
17, 14.415332038123417
9, 10.91686301279057
12, 12.134883334843447
18, 16.61359225035614
18, 16.883366605352133
18, 16.013533005952134
7, 10.567680815633613
8, 12.043323623062289
15, 14.778660965892222
23, 19.122588347318878
8, 12.117563548233102
16, 16.414690400592466
16, 15.913982366246989
5, 9.433404255354334
13, 14.656639959776795
14, 14.669443310738767
13, 15.2613058188868
18, 16.356348963222658
15, 15.169401082782823
11, 13.5246082054797
9, 12.792567400540506
10, 12.523787329314011
17, 18.533178269509676
14, 15.914445072139381
13, 13.582367193364819
14, 13.74442857439202
10, 13.281014507657138
10, 13.291406262011392
12, 13.051629347592105
13, 12.74666393394592
9, 12.671963098850565
11, 13.138057848836326
14, 14.72355439637611
13, 14.089025869298576
9, 11.360799138741717
11, 10.948337503774656
23, 20.638466749827586
17, 15.77350791346635
19, 17.29906579672591
16, 17.43885277133289
16, 16.87161708658302
10, 12.813615162794692
15, 17.251958033433198
14, 13.98001750609121
8, 11.071867571893806
15, 14.436043875439614
10, 11.280022383881725
11, 13.460587767276017
15, 16.36990691673743
8, 9.751307845396065
10, 10.006962262538929
18, 17.538227627486716
13, 14.505139144272272
18, 17.845537902958423
13, 13.224893411326393
19, 18.608690845044997
8, 12.527141952546362
13, 13.481859649339313
14, 15.453658504580321
8, 9.520112422620526
7, 10.22772387568845
14, 14.379261410125945
13, 14.40391823630622
19, 18.32095437860628
15, 13.580757029857612
12, 13.174680076595957
9, 11.637580566535865
16, 15.172569011570571
20, 16.04956289450251
17, 16.244137921157396
11, 11.682974613138882
11, 16.88008679365932
10, 11.866249972105944
17, 17.30027851698596
16, 17.688518819569953
9, 11.103452206953815
9, 10.096509702256741
9, 11.183807518738792
13, 16.90478703017683
14, 13.05444775556214
12, 13.101268342434803
10, 12.922852440099044
16, 15.188942315250378
11, 12.358755161778362
13, 14.27077758687738
6, 10.020674480957926
18, 17.442093832926897
13, 14.245570843199973
19, 16.891636633449327
12, 12.488506780976529
13, 15.400336634975769
11, 12.6550211231916
10, 12.167106912472265
15, 14.26706330726959
9, 8.956236714848684
17, 18.152186275251985
16, 18.007597622317146
12, 13.493695347784808
13, 15.127161787294558
16, 17.691726589369527
12, 11.87251265649504
15, 17.79358827546321
14, 15.969057864650543
13, 14.171639521716529
14, 16.537124783050345
11, 13.825901765620184
17, 18.349960513873345
10, 12.431020599143316
11, 13.673220696078982
18, 19.324565313638107
16, 14.809036353231047
10, 11.938802122712806
14, 15.708404918561634
9, 9.79208863754751
18, 20.773283502762762
13, 13.288674336938747
9, 11.933117246954046
14, 13.97484572525042
12, 13.708987506094974
16, 17.0849235595354
11, 13.434438669711973
18, 17.79455004274477
14, 13.74002015391984
20, 20.347030676955505
13, 15.175155026966758
11, 13.692395356592028
8, 13.248233619385212
15, 16.2465484096128
5, 8.826968734915075
17, 17.561678236595487
15, 16.43587532118455
12, 15.055096209967212
14, 17.844835370153724
9, 12.437750956148017
10, 11.6843765895274
10, 11.224921974228593
20, 19.039239511957938
7, 10.14401090987577
16, 15.309447372726728
19, 17.822715968605138
12, 12.436033138348947
7, 10.066952833990303
13, 15.404075183883803
12, 13.16891662419364
11, 12.33685171929503
15, 18.156491121475288
17, 17.859992783737333
11, 13.258774475187785
17, 16.19470444449587
11, 10.762735184187003
14, 16.680227270121044
9, 13.629266378907595
10, 12.56538062282313
12, 14.395690526372853
8, 11.360887180971085
11, 12.940126658063638
16, 14.67876540459662
14, 14.522815818351965
9, 10.907877771668916
10, 10.910793517495486
21, 19.59294089013073
9, 10.731584048888235
10, 11.42877677404347
14, 13.732810862485351
9, 11.305404406149036
10, 11.652234335816686
15, 15.579618752702606
12, 13.308818340283716
9, 10.880445393040722
10, 14.143515151314572
11, 13.935095322529333
19, 17.497914107240362
14, 14.955381323254592
10, 12.957723273637118
17, 16.244889458612047
14, 14.782770357038752
7, 9.998061162194265
10, 12.497232151326399
11, 15.218126320789581
14, 14.915241839408074
23, 20.1084571759678
20, 18.14669176706008
12, 13.502624656072333
11, 12.239084771036055
15, 15.821689139647736
12, 12.511318710590821
20, 20.50888285433428
12, 12.686597309796829
9, 12.361487717248838
21, 18.01435824607422
6, 10.881227240786231
13, 14.16525672132027
7, 10.002203204960658
16, 15.928430799271819
13, 12.525608016686999
9, 11.55218192756307
13, 13.364367520499588
12, 13.212637184050175
14, 16.76101242630571
19, 17.74744321462498
20, 17.832381034870714
18, 18.22554292904664
8, 13.406871054350997
15, 16.218378479708033
18, 14.916646746758856
14, 16.637955732707212
18, 16.71059027216167
8, 8.957321571104357
13, 14.35783009851185
19, 18.563151218648777
8, 9.450502978292082
13, 13.095416631972748
16, 15.411673066069238
16, 17.872126694574256
16, 16.60693029893174
11, 12.435113448710513
11, 13.731434783031172
14, 14.362585912519519
17, 18.09834875158778
13, 13.26168869617537
10, 12.663409547885337
10, 12.041541912517216
11, 12.82722851067449
10, 11.393882410383858
12, 14.17706243550048
18, 16.84547994645138
12, 11.303275463698432
12, 12.848376984173157
14, 15.240187642406697
13, 14.420385327340384
12, 12.787189308464018
17, 16.27363629989124
11, 12.035697520447563
13, 12.901490794984108
22, 21.008808802454688
18, 17.869112881003804
18, 18.721810076604186
8, 11.000607659707663
9, 11.171782575904565
13, 13.73573711462901
13, 14.276982605304074
18, 18.526158837322516
19, 18.115860215789567
7, 12.297827527831357
8, 10.459585246932898
5, 8.474472502103804
15, 15.392841430754313
10, 10.89245967153775
14, 17.004206041216474
15, 15.742317754553287
17, 18.00857623994983
14, 17.77804665192366
14, 11.358540333081082
16, 14.085022367489287
8, 11.001878204802985
16, 17.068150102395204
14, 14.868239711134011
9, 10.867583785186365
12, 14.473018958220823
10, 12.715130026548277
11, 11.672509786351918
16, 17.170220638565137
15, 14.649936590513137
10, 13.098660553945976
13, 16.57427848630915
10, 14.091006944949362
19, 17.35979894319375
19, 17.792717100358338
11, 14.163209389038531
12, 14.267783176687637
15, 13.470516475061872
14, 13.841934590721328
12, 12.263903850081633
12, 12.990642460300332
11, 11.717231939249476
11, 14.60258463099374
14, 14.496263146654115
23, 21.742050887563494
19, 16.345591209262338
16, 15.846184098726853
12, 13.873662795512987
14, 13.829666113353944
14, 14.18187998574593
19, 18.545357367353866
13, 13.865279048741144
8, 11.256130806616266
9, 10.720220746588728
15, 15.356365618830866
16, 14.730488535101049
15, 12.718091214299807
12, 12.671333241441515
13, 13.45549160679609
19, 19.33361527946979
12, 16.352959063067274
12, 13.353562273688684
21, 19.193249703297838
21, 20.88172115886457
17, 16.394768934117714
4, 9.154529223654091
14, 14.38958939556333
16, 14.206318825311971
19, 17.553540250713418
21, 20.78566170059002
17, 18.479791892708292
13, 16.207355387561744
16, 18.88044115339679
14, 14.016278937934109
14, 15.331359214041461
18, 19.630893666292895
11, 13.471538710839305
18, 17.264407248306053
17, 16.99424401323625
18, 17.83253119079154
9, 12.841499684400866
11, 14.24461061738521
16, 15.02560152207541
16, 17.661398566288018
18, 18.466386249373635
17, 16.938124463010137
13, 14.673142711757112
8, 10.616574417861521
14, 12.681295984221318
14, 15.133790336869241
18, 17.610490010952944
14, 15.331726003873829
7, 10.483440663584448
13, 14.920437179306862
12, 14.282055177038503
15, 15.475163654964055
7, 10.98954065680545
7, 10.453596575709959
16, 15.840974483901197
13, 13.903000479656162
17, 18.753775688714136
13, 14.710617207934899
12, 13.216043009511907
9, 10.446816086964692
9, 11.527805027615022
13, 13.896948823323084
10, 13.139327918023703
12, 12.599336848404548
13, 18.1113563486719
11, 11.453421948277704
11, 12.896209147517013
18, 17.69046422491923
9, 12.465194124437101
14, 16.34434079209921
10, 12.466511214862772
16, 16.14858816040829
16, 18.14561273884759
7, 11.425660936725022
13, 14.48935241248842
10, 14.112682943651516
12, 12.825576110105862
14, 18.28076505083763
8, 12.553917483886227
9, 10.18285621723211
11, 12.983446201723547
14, 14.257908443304967
19, 18.401031919930205
12, 16.489979343285086
17, 18.736988782681554
16, 15.308500236486148
11, 11.824033760990607
10, 11.949037805736573
17, 17.559693729401072
15, 17.405965288681966
13, 16.190826806152998
10, 12.741606060396693
14, 17.208602427269962
8, 10.40396233242061
10, 13.320252470174824
18, 16.692747282142403
21, 20.476487826147146
8, 8.988165251742815
14, 14.298157559757243
13, 11.022249952070792
9, 12.571194220570893
17, 18.538712311868288
13, 11.492928553591785
16, 15.912300689170873
14, 15.589058436483956
14, 15.440765415105368
11, 11.315894058740488
14, 17.342196353784853
15, 14.400495563874392
15, 16.852729601046303
17, 15.056409829914044
8, 11.161159054800226
13, 13.851232538906721
11, 14.8656313851005
8, 10.359405328608721
17, 16.046726647209873
16, 16.022276099324284
19, 17.832248641934093
14, 16.05002045358449
11, 12.391610638760723
15, 15.168060576660624
19, 15.549538035446316
14, 16.462127745836675
16, 16.921208674478812
18, 19.480414870841233
15, 15.77011239808258
14, 14.148861688139624
14, 13.479441817639309
10, 11.411624052179793
10, 13.18670215448416
13, 13.930077025714503
18, 16.76383638615393
13, 15.449468767093043
12, 15.025837902400559
17, 15.858024172829682
9, 10.355211585714116
13, 14.514384397244017
16, 13.062746914037104
11, 12.52774857123267
21, 20.722593942751672
10, 11.77115813260796
20, 16.07113116300778
13, 14.82166756298972
18, 17.624843937995312
12, 14.205027303825734
12, 14.325214104915077
11, 10.519469521497735
11, 12.208437791299895
12, 12.81545941256856
16, 16.522377573385647
8, 10.79930405690842
14, 14.688993594515164
7, 8.685072444890434
19, 18.230408106176125
11, 13.641325766348277
10, 11.668301517711896
18, 16.44711209885692
15, 14.582606212184519
18, 18.485650664993166
13, 15.121401904098443
9, 10.803021861968274
12, 13.94658521710853
11, 13.264548372135945
19, 16.63115289383125
14, 13.70465247429137
15, 16.69121882663656
12, 13.264375860487752
14, 13.955621896721356
15, 15.540952579714942
20, 18.59077700908318
12, 13.540635476693307
9, 14.12515999501139
16, 15.851084371401749
14, 15.178925672470411
7, 10.339881892868512
9, 12.556063641379781
19, 17.876305940687356
8, 11.419683706903184
8, 11.582181723504636
13, 14.087378540812255
14, 13.865299016519511
11, 11.184195782837449
15, 15.141421824746358
14, 13.033191848943396
8, 11.76033529966016
5, 9.377378328342587
12, 12.36929904284496
14, 17.687973621495747
11, 11.94529296357559
19, 16.06938529416899
9, 12.836503088877917
18, 16.765788811352067
16, 15.915324897495681
12, 13.948598019990698
9, 11.485123043529256
11, 11.392104893914716
12, 16.249254757496875
9, 10.751268458222318
14, 13.810110903244242
12, 12.783830058555939
13, 15.195263398409491
21, 19.799928601567736
22, 19.798710067863382
16, 14.602466055763722
19, 19.266205788644104
14, 14.049924688700854
11, 13.974766598308763
15, 15.618514111186457
11, 13.37496306244025
16, 20.45892185099264
11, 14.17320654795209
14, 16.423993192834338
13, 15.741111101609109
20, 17.593780567169837
6, 9.148210033219199
16, 16.235998272625675
10, 12.524217695009986
13, 15.623352589026895
16, 15.994148494142594
15, 14.433757079462866
15, 15.719965694530718
8, 12.15749653370973
11, 11.71652963222438
17, 16.16802159057826
13, 14.12039877149498
20, 20.07588109212996
14, 15.673365611891867
17, 16.29556851513857
14, 14.402223419164752
13, 15.826103849275475
12, 11.979111570765637
19, 18.40388490557499
23, 20.67761012909515
14, 14.791861687558976
10, 11.65172460184607
15, 14.508940702554646
14, 13.3893152899876
13, 11.822631067223318
17, 16.151227915964736
7, 10.467354802858473
17, 15.263783879990287
10, 12.680978370292893
11, 11.140343281353633
15, 14.100213915425627
16, 16.030072072575944
9, 11.168398121941806
18, 14.819412099989215
11, 13.715741377095055
6, 9.383902393977415
16, 16.874764410078832
11, 12.556935601665412
14, 16.239270984701783
13, 12.634909784806807
13, 13.886519576971788
9, 11.248816826409291
17, 18.87381618730239
15, 15.891948431261307
20, 19.11824096747918
13, 16.50196652389548
16, 16.40508753695894
9, 11.982815686714007
14, 16.73562846255013
11, 14.319656869518878
12, 13.326731961762594
10, 13.058802731085084
5, 8.519120866318147
18, 17.379993765565604
15, 16.18178704020912
12, 14.608999563061575
12, 11.151368160463843
16, 16.157032482814017
16, 16.305950064920516
5, 10.2856911529211
14, 15.28993854404373
7, 11.008030406964144
6, 8.952371294040674
7, 12.755675367411051
14, 16.06090178970086
13, 15.324425735611158
6, 7.849943718059004
14, 15.235481176333382
15, 12.55072458610786
18, 17.416941764353545
12, 13.286482341625923
20, 16.66031688626561
13, 15.907491100690159
13, 11.790508540191253
11, 11.840289745547073
16, 18.352601558221725
10, 11.357596524598117
11, 13.35282588429794
10, 11.535883449233232
20, 19.813504771284826
14, 15.968435075443487
10, 10.39938481256416
12, 11.815468023862476
12, 12.883697055357109
15, 17.0389501426689
13, 15.6917026880892
12, 11.889981760155214
13, 14.69782003495058
16, 16.44176005542173
14, 13.758944026980444
13, 15.401126967260701
22, 18.12513527908918
8, 10.284158875824884
14, 15.166231277461163
8, 10.644318224153698
18, 17.109510018193653
13, 13.51737199633969
17, 15.949969258667423
8, 10.853730553906551
11, 12.663793338356879
11, 14.026746720193538
10, 10.871656942647801
14, 15.79890170425578
22, 21.564822546963917
9, 12.54172448753801
14, 14.986651994885131
15, 16.718343967751643
13, 13.436071681767668
13, 14.060206187459944
11, 12.873854972530731
15, 16.416751120000104
12, 14.894574050887876
9, 10.566165026393051
11, 14.933468535723062
13, 11.946953342147241
10, 12.740948342164236
13, 12.619076553261559
19, 19.659485800463845
14, 16.64636765894854
12, 13.11276926102467
12, 13.798641057638319
7, 9.463591386991896
16, 14.371323080089747
13, 15.999942618624647
15, 15.233754157282025
13, 14.484842116702914
14, 13.987245188277978
13, 14.69728233999281
18, 16.693023874515085
16, 16.004504732135455
14, 15.584920841348707
18, 17.525445225446745
17, 15.851468263418223
17, 18.602959215534533
13, 14.096373854106512
17, 17.023334391571012
9, 11.303902124701866
14, 13.34192651377356
14, 13.565216020760477
17, 18.647386404840336
15, 14.860196332859921
9, 13.403025715850527
18, 17.50821589682332
8, 12.304061883792338
12, 11.67277832025192
15, 14.944391418099375
13, 13.161021231934733
14, 14.428544607450632
8, 9.857694884613979
18, 16.98600617638921
16, 15.894214747703538
15, 15.217246271455515
26, 23.11959026159758
14, 14.494005612064475
21, 18.6387147898648
13, 14.663227385790409
18, 18.320694704431595
6, 10.193828288211694
16, 16.211926008942154
10, 11.672636975141659
14, 14.520015829452575
13, 13.548583129950767
7, 11.846642804439739
11, 10.986639706130449
17, 17.377798980840407
13, 15.334537163434181
15, 16.318691607400424
14, 14.383588543383652
13, 14.456137221747541
14, 14.791220988262205
22, 19.40671348429848
17, 17.52827497768174
10, 13.036784626636496
17, 16.20775175532217
15, 17.858027151442723
17, 19.143155690361645
11, 12.280187612206104
9, 10.772699614195663
16, 16.433333322055397
17, 16.62402584304974
12, 12.181092918233048
16, 15.848149634457364
13, 12.94519450645233
15, 13.233642272235722
14, 14.190477305515444
13, 16.431719683105126
14, 13.44295522762862
14, 14.825008366469122
17, 15.4532453983567
24, 19.911459768866234
10, 10.793360502073917
13, 14.502123460470916
17, 14.855777915894134
10, 10.824030486221979
12, 13.520109303942911
10, 11.688710446969452
6, 12.519828400052594
13, 12.662353002334829
10, 12.186147349348932
12, 11.739117759992238
13, 12.874966314391726
14, 14.661507537623294
13, 14.771709816945963
16, 16.183136575181376
8, 11.971129295400932
6, 8.608357628290609
9, 11.24641513192598
16, 15.688492680482481
16, 15.414411441177618
14, 15.828723200117386
8, 9.231163925802756
15, 14.310294192172226
10, 14.138921086169974
17, 16.188495915532055
7, 8.433939926535766
16, 17.43571814344824
14, 13.019108055160052
13, 14.278497154652042
10, 12.15668948128604
13, 13.408666297257994
12, 13.396600952030704
9, 11.587519056276081
16, 16.89496628823727
8, 9.6491396521852
11, 14.305327842703006
15, 13.355333870997923
6, 11.853446464303815
15, 15.903499951148842
12, 14.057467650193782
16, 17.408344287462082
17, 15.217908136220283
12, 12.258893098327519
13, 14.085336055880036
14, 15.287760095573683
13, 14.299443604619714
15, 14.804350255166895
13, 12.01298367768261
12, 12.235834466115485
15, 16.326636908373878
15, 15.408586358473135
11, 14.301735055020298
11, 13.271253412033861
14, 16.841835355231023
10, 12.013733367032806
19, 17.635774527228946
13, 14.737354628666512
11, 12.840607887528309
13, 14.341682931685988
10, 12.800439575912026
13, 14.636714253051762
11, 12.489433101011228
12, 14.46725643946172
12, 14.853529633089503
3, 7.033664381868135
11, 13.068305103349298
15, 15.439827006874037
15, 15.210388438288415
15, 16.361202488022773
20, 18.159729823027533
11, 11.4773414491432
17, 15.377813942898554
14, 13.610327831275287
14, 15.745751656207135
13, 12.790683559963663
21, 19.406632860041885
16, 16.346471676445834
21, 18.513859843686607
11, 14.618566854426984
13, 15.71546284270514
15, 16.61674876341626
15, 16.00176369125494
18, 18.078646565769198
14, 15.527663116316576
12, 11.329447269729275
16, 16.30667488468587
10, 13.309740133429422
10, 12.403435265853847
13, 13.448451107807298
15, 18.749952109508655
15, 13.536278282586569
12, 15.33899742224411
15, 17.125433308111567
17, 17.668235548834815
8, 8.219011606457027
18, 15.821603137598938
9, 12.573544308672037
12, 13.38320784345292
14, 15.58015157252509
12, 13.518526607312523
14, 13.927887653409977
10, 11.396639767667658
15, 16.12854725663554
11, 12.688861827533742
10, 11.413877053313477
15, 15.039236435050148
27, 23.510459836332732
18, 18.23506548747344
12, 15.885422798727772
11, 12.203998740231784
14, 13.791426911025114
8, 12.873242490771862
22, 20.05278069607872
15, 16.630526165298505
20, 20.3438167315311
6, 8.924179322690843
14, 15.168758674234718
9, 11.490062260760789
11, 12.852522599111214
5, 9.112999419825393
8, 8.849487697282886
14, 13.07041063279824
13, 14.754607949216828
18, 16.643479096770704
14, 14.58231979132142
15, 15.978654557736446
16, 16.632823313743234
13, 13.486627009688885
11, 12.877708817459
16, 15.836017702248478
11, 12.035318165225194
17, 16.849698545917942
13, 17.136015972258978
11, 11.682360824966281
18, 19.28686406905492
10, 12.217268869191978
11, 10.817452935878727
10, 11.170885321793607
15, 16.128106573128992
14, 16.33679016711977
14, 12.95786530764507
13, 13.550365732909247
14, 14.528551731839304
12, 11.148184307392986
18, 14.870480343069993
10, 10.311152729114712
10, 12.2763666051529
18, 17.156479507421636
21, 19.536428341367817
17, 18.500243708612484
11, 12.49884124170138
16, 16.103740131786015
17, 15.430995432112203
16, 15.795536130755167
9, 12.184599839813316
14, 15.304658235198339
8, 11.006768221830692
14, 13.471872022765163
11, 14.219220301591143
11, 14.45520016857177
11, 13.557979850581884
9, 12.72716770234226
15, 15.752110354291085
10, 10.701155354491895
17, 17.05654092309222
13, 14.383027786990805
20, 18.161308251691878
10, 11.341868186275224
14, 15.093363349299858
11, 11.859862596360374
8, 11.194304935771532
12, 14.156974158328392
14, 15.887163658188252
24, 19.929820830806246
11, 12.550522143110147
10, 13.361332874527289
14, 15.109644244885454
19, 19.02617952314997
13, 13.063584798718745
12, 11.435223206086492
12, 11.462705477660105
14, 15.576380868807641
7, 10.18043622804349
9, 12.782027137370937
16, 16.642771820457707
21, 19.492849066571953
10, 11.416315115565473
16, 14.471488064182427
12, 12.689415239189358
14, 15.368667234601816
13, 13.82330688951012
18, 17.155721121385824
15, 14.029746564848839
10, 10.796631581344682
13, 14.449191799604296
11, 12.425192395744991
11, 14.127643147067433
9, 12.251565736659813
12, 11.135635253415158
23, 22.547912803066257
14, 14.553416321548854
15, 15.16170107776027
17, 17.21376929719567
12, 12.100951817347381
9, 12.726939709842947
17, 14.411676805576048
11, 14.105878244385774
16, 14.43111763791652
9, 13.180767549321388
8, 11.561784878122573
9, 9.730854872541451
17, 16.756965416693674
10, 12.40135536737721
14, 13.39571397161499
15, 18.312022131977688
5, 9.804428459101226
12, 14.325857316101974
15, 15.91966709646586
14, 14.836548329078624
13, 14.219867454899813
19, 17.86233642906757
5, 9.087234295752104
22, 23.26279900080148
13, 16.476538621325385
14, 15.372080794054506
16, 15.402304259397152
13, 14.560521099740003
17, 17.465593696782125
13, 14.993457452835607
17, 16.980179485933952
8, 11.211391353640627
13, 15.487883993131879
15, 14.9665676883169
14, 14.616941016962862
12, 12.825153118154992
16, 15.126539721453215
11, 12.665825531289606
8, 12.1147343947517
15, 17.628674790483434
9, 12.136843294101872
10, 12.291539968865012
13, 14.987939770019393
19, 17.754514822234444
14, 14.790722476322431
12, 15.097014177518345
17, 17.046283193902006
15, 15.971837937857389
14, 15.791318310545092
19, 19.825222567129426
16, 15.815860801346165
15, 13.720341750510357
10, 13.765917294769505
14, 16.242912876085885
14, 16.064839454960904
15, 14.500887632942204
15, 13.27747896857789
20, 19.04814386163573
13, 13.909315249768174
10, 12.204897888130395
17, 17.217327535214746
16, 14.64061164383649
12, 15.23057545394305
19, 17.21168137861608
16, 15.667579204911757
17, 15.688531691325652
12, 14.694052066994047
14, 16.864632419493553
11, 11.288741859814508
9, 9.035390331361203
18, 17.960251827864248
13, 15.761783842657062
13, 13.64628622823263
15, 12.03702252647125
14, 12.000951600918057
14, 13.053212722888867
13, 12.923786829690236
14, 16.245194833927588
11, 11.112048858329592
16, 15.864425651872354
12, 14.570395790218434
18, 18.363604108944283
18, 17.173181701498216
3, 3.9117830223748893
4, 4.627164132161138
6, 8.257681768545448
11, 10.544503503463407
12, 10.012664509147498
7, 7.409743203093144
5, 6.5694725992865335
7, 8.889239846068222
6, 6.076435353582048
11, 9.095399805184362
6, 5.48459575375544
5, 6.355464620699878
3, 5.911245400275981
8, 7.833711984601436
6, 6.8378604555892455
3, 4.94042759223061
7, 7.488882767035193
9, 7.959631246074945
5, 5.598919011546223
3, 4.910032886699668
3, 2.9851668697156546
9, 9.071288156041328
11, 9.380215694597112
4, 5.356041244452304
5, 7.716277666286627
7, 6.576735544544666
6, 6.645231811180383
9, 9.354502694267135
3, 3.924630068134313
6, 6.023943919088014
3, 5.56251688724024
8, 7.5260751909228105
5, 4.496850256014456
10, 8.596358322242104
3, 4.245221912154637
7, 7.659369955625677
4, 5.183708136044729
4, 6.987720654772241
8, 7.122231340088187
6, 6.029697732717932
6, 6.398956692096871
13, 10.610743579758445
5, 5.964393486562749
12, 9.058008751524913
8, 8.343145276512383
6, 6.637579009434297
6, 6.517622931531906
3, 6.596744441515325
3, 4.247146692604867
6, 6.2460434311559965
8, 7.583421211077606
10, 10.798608036749
3, 4.682986725103376
3, 4.7804106756677545
5, 6.495412793162798
9, 8.802749210631148
10, 8.056785825477297
5, 6.035493544918161
5, 5.476505108644652
11, 12.0986670231376
8, 8.931291314564037
10, 10.901946543933429
7, 7.556267117626927
7, 6.910041029012491
5, 4.371706364231016
7, 7.120135790533336
5, 7.400830651895374
10, 9.5058219736392
7, 7.303988988195403
6, 6.6816298769221865
6, 6.664204568085758
5, 5.134186628719575
4, 6.289580177629652
12, 11.762819297152351
5, 5.651278920267633
8, 8.089681543583328
10, 10.876823775018426
4, 5.28168007433127
6, 8.981497688606238
9, 8.518777690575586
8, 8.097132747157254
7, 7.620895937609303
6, 5.711964288994465
7, 6.364075689945029
6, 8.161609339957227
7, 6.807617690468336
7, 6.293449275220596
10, 8.45733044409936
5, 5.455047622222253
8, 7.276859028025332
9, 9.32872787633812
7, 7.553281350371098
6, 6.236494230866885
7, 7.350331544575963
7, 6.741730823609651
7, 8.343617388725207
3, 6.558762523367696
8, 7.178751674038734
7, 8.614648346473109
14, 12.19311797233238
9, 9.693798816140246
14, 11.834141645500043
12, 8.921263495669793
3, 4.938417733509631
7, 9.019791241633975
8, 8.981298096228683
8, 7.933093915699801
4, 6.081537413609571
8, 9.128538213787412
8, 6.914479937912865
7, 6.43089261083906
11, 10.502210520298156
7, 6.617720592913421
7, 7.630065676798734
3, 3.715075199675931
8, 6.392040304076966
3, 4.027641604050788
8, 8.927537561318747
5, 7.217010614576256
9, 8.246035065009233
10, 11.982915832201824
4, 4.213102097286379
8, 7.294338916829491
6, 5.609464017094553
8, 7.925694021516613
5, 5.398366362882353
10, 10.37503414423422
9, 9.065706626018192
5, 6.270525285973308
8, 7.849191580370684
10, 9.090962415702842
9, 8.451266687094476
8, 8.01758619264875
7, 8.189452948772876
4, 5.95599763699018
3, 4.732688786381869
1, 3.4897095785095433
12, 10.947641683425525
7, 6.8135959851704575
4, 5.63949012917387
7, 7.771197915351617
2, 4.332899642028302
7, 7.616154405380111
7, 8.01228443564409
6, 6.549735539454089
12, 11.195555572931926
7, 7.6192451959166565
9, 8.238224792791671
7, 8.788493516739196
6, 5.116252608203742
8, 10.876974760801254
7, 6.506706444607639
8, 8.291387995776304
6, 6.295717772352553
8, 6.233067425037637
9, 9.290163984661838
6, 5.888039685425959
3, 5.226790141796805
8, 9.203603117545832
9, 7.849645312119627
4, 4.068453784691854
4, 6.124923448829848
8, 7.1333255871406305
5, 5.518812931612972
4, 4.999023649440515
7, 8.072794068325893
3, 3.7437553435837176
6, 7.133187115410259
10, 9.98406388171606
9, 9.292542906351931
9, 9.140071572686507
3, 4.4671453136823
4, 4.859645692613089
9, 8.992920155252396
4, 5.194269790263641
8, 8.456324599268477
6, 5.873802282153998
8, 7.322355864390845
4, 4.986988960605663
11, 10.235746542203671
3, 5.55740175114383
10, 7.43815402382451
5, 6.728188936681053
7, 9.768150036420087
8, 8.518731988301788
8, 7.58408835796806
4, 5.326748464290923
12, 10.18223867650767
5, 5.767248105293463
8, 7.949137989720923
9, 8.24229224280164
8, 7.294561568868028
6, 8.820820550258432
10, 8.62181276971755
7, 7.473529745530803
3, 3.4551086114678027
5, 5.088733460870126
9, 10.12354529472437
12, 9.132360610456743
5, 7.143272044743222
10, 9.192273437932228
10, 9.904577411513129
8, 6.652000930753191
9, 8.897640304938577
8, 7.965129513575974
9, 8.707309317090932
2, 3.943699099677666
8, 8.45434335746774
6, 7.143629724427223
5, 6.258080506282212
8, 7.9614098878680615
8, 6.670270648127325
9, 8.42839553421928
6, 5.798466224395625
11, 10.169808414331586
6, 7.763492246961226
10, 9.917596390292116
8, 7.857523229002671
12, 10.869129976807136
5, 5.74304278613861
9, 8.960148346626685
8, 8.361431412187201
4, 4.626198019161786
3, 3.640281244382154
9, 9.819144477830147
6, 7.749991277590223
4, 5.498769112772633
8, 8.18023762641355
4, 5.855736150591655
6, 6.734134661551846
6, 7.118054474243923
5, 5.925203037779977
10, 9.346491270326432
5, 8.050941803646547
8, 7.7151207730138545
3, 4.86273294500218
11, 9.615428274944428
4, 4.5921334913102445
4, 5.647231616417746
7, 7.962693305756621
6, 5.949348234021515
6, 7.754008512805463
3, 4.848791890227056
6, 6.576556614741304
5, 7.282408775827407
10, 9.979369310575006
3, 4.924041310089998
7, 7.939464253636824
5, 4.405040061990553
3, 4.961338506980878
6, 5.616540297243743
6, 6.68902621852068
5, 5.913392723012851
4, 5.810037907695471
13, 11.598048533918737
13, 9.401388315263256
6, 6.82522279627665
2, 3.6359172087840887
7, 7.048777384520161
5, 8.834046124228509
5, 4.187188211295057
6, 7.619475497515354
8, 6.328806245157873
4, 5.38232553490965
9, 8.196722696440835
7, 8.421132789962847
6, 7.173669270827109
8, 8.149553403141498
10, 8.074677790488227
3, 4.4224903786838095
7, 6.891119071350084
5, 7.332661485393223
6, 6.9698922219846295
8, 6.942228208980928
0, 3.447239269830636
4, 4.566175111540723
6, 7.638112903109347
6, 6.454707412963472
3, 5.778953633456356
7, 7.302024523183019
8, 9.453722106234821
5, 7.902116092375228
9, 10.153254109712648
3, 3.5901291655298606
5, 8.074945203967301
12, 10.60560305160998
9, 7.256746616757913
5, 6.003764461702322
10, 8.890577843625714
10, 11.269462628152777
7, 7.574992819341051
6, 6.709201664497818
11, 11.395771030423363
1, 3.1191505158693897
2, 3.617345276222987
6, 5.919408820063448
4, 5.440295482788124
4, 4.812100097537886
6, 7.751875263409104
10, 8.436218015614644
9, 8.201391344128618
4, 6.0864043305271665
7, 7.141301015831238
3, 5.0194602221509514
8, 7.073047548372661
7, 6.991843456299029
6, 6.980504729541491
10, 9.554255540278211
5, 7.005114717381336
7, 7.463235375415027
6, 5.379326876451005
5, 5.662244920635742
9, 8.409474894045326
5, 5.267809063317863
8, 7.420689556855518
5, 5.12077020137678
3, 3.5919368740848907
15, 14.924080057398829
8, 6.670922492975646
7, 8.190103699411637
8, 8.235923350459723
5, 7.704819900429817
4, 6.569169341455711
0, 3.3321375282816508
9, 10.307959121154688
8, 8.062923784662642
8, 7.515130928780656
6, 6.679371652111748
5, 6.14358325122678
8, 6.874100722702778
9, 8.888296569632068
5, 4.907345769513678
6, 6.736945193019213
6, 4.986379968694221
3, 5.61761975621113
9, 9.34351990317056
16, 12.627383510266865
6, 5.88132941740625
3, 5.71616832461958
4, 4.407157157767773
10, 9.035624550479817
7, 6.161286089125755
3, 4.4348363761417575
3, 5.335843169911699
8, 8.306981348407888
7, 7.5192193525799516
3, 3.58446529733345
1, 2.840900467271155
4, 6.356882027228892
8, 7.804945159824509
5, 6.715478981599964
4, 6.962169662518241
10, 11.872438754111071
6, 6.825031415513888
9, 10.86343836583569
1, 4.400743587361327
6, 6.357640392397481
8, 8.515161901036894
8, 6.6152755215118075
11, 10.87811064261828
10, 9.49943874036352
6, 7.9801148764918475
5, 5.780974048267033
11, 9.963566585524791
4, 5.175002242805639
7, 7.152137584380665
6, 7.101240738750298
3, 4.984669340014709
7, 6.180914637932786
6, 5.906864512064421
10, 9.596008130765163
5, 5.367237106978995
3, 4.70994913780797
3, 6.478626896532451
5, 6.051789609060723
2, 4.019498099278265
8, 7.248182300644703
2, 3.9083448723355128
9, 8.535486210376757
3, 4.325028295416893
9, 8.05040530487184
6, 5.944842278888346
10, 10.81860572716846
7, 5.62869398706741
7, 7.1337936095256955
5, 5.501330109721769
10, 9.598998395129797
4, 5.676541781078887
4, 3.9996905267409786
5, 5.555985610186865
8, 6.93240156139169
9, 8.227908486315973
8, 7.568417153340514
10, 8.589278881853275
7, 7.528248976080109
7, 7.273564330430284
6, 6.75655996936314
6, 7.319301156250589
4, 6.173143318657702
6, 7.483537111996707
4, 5.5187593820554275
5, 6.2809850630135395
4, 4.59427884019232
14, 12.435601831607844
10, 9.683064193351202
8, 7.617387427624801
3, 3.9749194589904127
3, 4.90246930314984
6, 5.876157048347066
3, 5.80081333597639
2, 4.641246311467177
7, 8.61147356325049
6, 9.020227532557636
5, 4.990626848915488
6, 8.520739355138998
5, 4.741974523495948
6, 7.215790521731413
5, 6.021766743078008
3, 5.064579011273347
3, 4.301191176379301
7, 5.821334235604358
7, 7.1495638455137165
2, 4.957914800811146
5, 6.839268824123901
6, 7.36412214152079
5, 6.224417262745791
7, 7.0694854042783515
5, 5.784108126947051
9, 8.853790586599072
3, 4.66436623959198
9, 9.420708726798603
5, 6.884430097764778
9, 7.717170682791801
9, 8.497096238374972
10, 9.322544995953313
7, 7.747306042922545
6, 7.926084445381644
4, 5.026568864681667
9, 8.044648826780259
10, 9.163863216306034
11, 10.12557067450024
12, 9.70498854839855
9, 9.47058728425328
2, 4.650998481360868
10, 9.404731654022946
6, 7.173849728209398
5, 7.9395276856495665
6, 6.89036637042872
4, 4.820835698832522
5, 7.020801410402014
4, 5.184289034732463
5, 5.706926161831511
6, 6.425711547759893
8, 7.402357066591077
4, 5.313025970051912
5, 5.164130701522218
1, 2.66910452848484
3, 3.767066279408631
7, 8.170245739651397
7, 8.45830586302943
10, 9.880923432674948
7, 7.618942122651013
4, 5.362746058715354
8, 8.550888127901663
5, 5.9727511752146345
11, 9.368927219015603
7, 6.609586878250172
5, 7.9658561624805
3, 4.830367860472766
2, 3.942970570847241
8, 8.99621155367207
7, 6.742418323800863
9, 9.214660095717214
11, 8.184018445909194
4, 6.9138645768345315
3, 3.9512705281137053
5, 6.0759883029060235
6, 6.566329087866579
12, 9.571438277384074
6, 5.620702189745179
8, 9.837184645724783
9, 8.337947857892852
8, 8.142851052055502
9, 8.343120447236714
6, 7.176163782578417
9, 8.351757577415025
3, 4.813789008118561
5, 5.640060264142756
11, 9.27712623304159
6, 7.878003907631572
6, 7.356830890220908
7, 7.956140924475451
7, 6.116264845081646
5, 6.783220603008221
8, 8.786839119130521
13, 12.147732527515819
7, 7.475384756002577
10, 11.012232670621502
10, 9.748992492113649
3, 5.504491909000443
6, 6.940032074061075
6, 7.7132404809586035
9, 8.262677951083397
10, 8.322451421991634
4, 6.053516889002624
8, 7.29857266986606
13, 12.671034712049117
5, 5.295641202979909
2, 2.356318044033295
4, 6.639682511733292
8, 6.484538848645394
5, 9.21390962137201
6, 5.967119020439768
7, 6.467861893180483
5, 5.817097962983912
4, 6.14750281749919
6, 6.3255006186340195
6, 9.282155595921207
4, 6.457824079019851
9, 9.559184697250831
8, 7.949880355062355
3, 6.057924123507286
14, 13.391919917971455
8, 7.592167118840717
12, 10.351674609363105
4, 5.457665823338096
9, 8.50545225774226
13, 10.873760114372393
5, 6.762584276203605
7, 7.892508374839395
4, 5.0737823532938835
9, 7.710842768201623
7, 7.9218171409352145
1, 3.963539210456287
7, 6.417065306847323
6, 7.114572946650726
4, 5.946804251988753
6, 6.35599863046056
11, 11.644071292565325
6, 8.759802305353258
8, 7.483426408678377
7, 6.9789936691840895
9, 9.101748176793933
4, 6.244527943617111
7, 6.475134621412815
6, 5.791653896280951
9, 10.060409835172548
5, 8.563978810242016
7, 7.676930637794709
10, 7.551077379884341
5, 6.152520577175065
8, 8.065891479118665
8, 8.169176275302485
7, 7.448523709397066
6, 8.102889699202196
4, 6.023855716021799
9, 10.392298684086851
6, 7.420524929075619
7, 8.166068761566935
4, 5.460746702504218
11, 8.618219734498286
7, 7.626841445306835
7, 10.407974911119275
5, 5.052876181275742
2, 4.487021100256956
4, 4.859605412559344
9, 9.243304759381674
10, 10.985153812138698
12, 9.990051231569627
6, 6.636647549734965
10, 7.875007446655531
8, 8.499730360503069
7, 7.455685994261216
3, 4.039238016965626
6, 6.325949245699818
3, 4.067970523669458
6, 6.229954561146599
3, 5.440585467402471
6, 6.167572749128106
11, 9.242892931962748
4, 5.179913937760571
7, 6.753763086742623
7, 8.528253859821596
9, 7.534121602893086
10, 8.83238265692242
8, 8.59164867656015
4, 5.624015817040459
8, 7.4994535933276945
6, 6.80884422519719
5, 4.648641699793384
5, 4.861792496784627
8, 8.616907019674763
4, 6.491860171914439
8, 8.964902628302754
7, 7.324643539626466
3, 4.082952864596907
4, 4.560032397999374
5, 4.676247954655127
4, 4.426250883113245
4, 4.64981399371037
4, 5.2386615764125315
8, 9.327768995357363
5, 6.54268294716646
7, 8.137193174998604
4, 5.155412236414204
5, 6.6587103753674945
10, 9.698759985893014
7, 7.198837682657505
7, 5.979098741959504
11, 10.291915630046805
7, 7.9055256506339875
2, 4.556292422476426
4, 4.1129573712069405
8, 6.518270563843387
10, 10.666968295988015
8, 8.679086617381596
5, 7.246553383586287
3, 3.794344250256932
6, 7.296959010242715
4, 6.485716129771505
5, 5.532216143351548
9, 8.537676603692672
5, 8.04390305182291
5, 6.7023697554018336
10, 8.66263608752052
10, 10.973823804964109
5, 7.239849066822422
5, 6.107433403617702
10, 10.819618029676118
6, 6.422366820373834
6, 5.463160285914094
10, 10.815913335584249
8, 8.337971349559142
10, 11.318422819314637
6, 8.173912510213915
8, 9.06826951038854
3, 5.096983913572904
8, 6.8618671777222895
8, 8.90456186435322
2, 2.6858762923138944
5, 4.98408183894329
8, 8.506698367374394
6, 7.667109981851599
9, 9.301321962383199
10, 6.904090736007383
5, 6.648582767597345
2, 4.976851059994772
7, 9.443649427401654
11, 10.29117610191678
7, 8.235701561347714
6, 7.274006580712577
10, 9.386023438708868
8, 9.89606961642612
6, 7.3239869915178435
8, 7.872075544408558
5, 5.613519538223002
4, 5.5608097324767725
5, 5.625606399929075
9, 7.774589161841974
6, 6.757389882319408
7, 7.158200395168538
8, 7.388078320719513
4, 5.158661737132458
9, 9.45756109347802
7, 6.658130647949917
6, 6.538804378181046
7, 7.336273092452019
7, 7.573247640189789
4, 5.683603840621042
4, 6.690725771252781
7, 7.345003777480812
8, 8.280463262894644
12, 10.87792088382673
10, 8.977831374401516
12, 10.863685342140965
6, 6.348313802563884
8, 8.142771457806889
6, 6.622171901873601
14, 11.592744920480655
12, 10.928341545582924
8, 8.22564987432898
6, 6.462696335130866
4, 5.70340110050631
5, 7.339719762738918
3, 5.960306921417684
7, 6.631093595311812
2, 3.3777243851513736
9, 9.203414754506873
4, 4.787259390438727
5, 6.353412995161062
10, 10.265828417399643
10, 10.20039526594633
7, 8.877095732140992
3, 5.087072355058224
7, 8.062035479615924
4, 6.569393135964978
3, 4.767028944836009
7, 8.041214715498107
7, 7.1393851564807775
6, 7.472681442779251
8, 7.489753145577713
5, 6.6828700269043475
5, 4.956764611478587
11, 10.167115867963062
7, 7.545655776013717
5, 6.185443159194423
9, 8.928555516554656
7, 7.042863307202681
8, 6.926584066477942
5, 7.136509276945095
7, 6.320627443132791
6, 7.842249433652828
6, 5.715002685489373
5, 6.693232082669212
4, 5.8976180070122
10, 9.267796612072084
8, 8.33066536219554
13, 11.693081151494694
5, 5.593606696583709
5, 5.6574526404477306
7, 8.650744933881125
6, 7.138824103410659
8, 7.24887147573804
5, 8.103537850159361
7, 8.092254989350668
2, 3.5826538100880687
12, 10.207324029945148
6, 6.568064453095603
5, 4.247286473399576
5, 5.862064509393449
10, 7.889836852324571
6, 7.643148921683058
11, 10.039184264331169
6, 7.835530772654816
10, 10.3975686422732
8, 9.046636921659541
5, 4.813247534076541
6, 6.58250788716113
14, 11.81944601294094
9, 7.050114991057468
7, 5.23617884909705
10, 8.468620961779633
7, 8.220474377478391
6, 6.595336458904913
5, 5.153179161986955
8, 8.70856744905328
3, 5.72573323667005
7, 6.877437525762659
9, 9.333011371317678
12, 10.31306373505909
8, 6.283768566376119
8, 8.755489375863961
8, 9.75064977572887
6, 6.301596840677859
8, 8.238997509752018
4, 5.906379341571316
6, 5.615774586437563
4, 5.53829760900835
7, 7.920119955371387
10, 9.690810968870931
4, 4.803131875334034
8, 6.895636439675462
11, 10.641558732060448
6, 7.048226487002596
10, 8.504848755112082
5, 5.4781371462568575
5, 6.200861502581604
4, 5.706687474150915
2, 3.8418771006701307
7, 7.565558007582499
9, 7.0913424169976285
7, 7.559584498005565
4, 4.978525931804485
8, 9.11179399136451
12, 10.587865101873211
2, 5.052348743595618
10, 9.319241825666401
4, 5.7687856606465004
9, 9.76377189549622
5, 6.356804154232099
1, 3.7459271807381076
5, 6.1944035168161635
2, 4.0100811836357275
2, 5.14809139417638
5, 3.909655313847182
4, 5.8066498506483315
10, 10.147447408431603
9, 8.594937865092497
5, 8.911513194648352
9, 7.801293511037463
9, 7.230535326147866
11, 10.757175313211425
9, 8.718206764874411
8, 7.098272885407034
6, 6.444726787944823
9, 8.32110831284139
8, 7.287174228038471
9, 7.780970521380926
4, 5.834960349537019
6, 7.564132526103843
3, 3.873325425979169
7, 7.70990817318709
5, 5.8930961282022025
6, 6.004387308489848
11, 10.248581612295936
8, 8.179854836717714
8, 7.555653421868999
6, 6.140320682558398
4, 4.570669328776999
12, 11.02823758028667
13, 9.41073670127738
7, 8.508810167824633
3, 3.2419403254472843
4, 4.10905522132927
9, 10.069556517023017
6, 7.122245753781637
6, 6.359215391392831
3, 4.3585896881941
4, 5.792190016089947
5, 5.956844051464237
10, 8.809046778337658
4, 4.56049948607112
8, 9.160536688265202
10, 9.54129052961186
9, 8.11941459507219
9, 8.755783255596382
5, 6.103070328218814
3, 4.7135501743309804
3, 4.0378533009959625
4, 4.760194326911815
8, 7.061228864207158
5, 5.415258330965832
8, 7.845429743976939
7, 6.596832008975565
15, 11.911555360038346
10, 7.639200818413483
5, 5.697750091506279
8, 8.564088918561318
4, 5.446449161263577
9, 7.453914088360193
7, 7.72284252838207
4, 6.126226777222409
14, 10.631657348460934
9, 9.415326191927996
6, 6.886720436802363
2, 4.905829858706397
4, 5.697899326142849
8, 7.919522352682062
4, 4.982598725023531
7, 7.626457218486709
12, 9.58172710146668
5, 5.336050057294235
8, 7.568754317868026
8, 7.418932266317852
5, 4.925955477468103
8, 8.826833299805628
4, 5.218557449890291
5, 7.845925366274563
10, 10.125826478786221
7, 6.650042905699368
7, 7.4265256202623116
4, 4.628363475784979
4, 4.212039816177466
3, 5.132273161851055
10, 11.919267083115047
13, 12.306272304139645
2, 3.982975432109908
7, 6.718834702852573
6, 5.423954672084782
5, 5.306244423453528
4, 5.772738999353325
9, 9.35714625635281
0, 3.1883764226918965
10, 9.643230220350645
6, 5.053305479442496
3, 5.127545641321334
8, 8.181863973916217
2, 3.0129597725032338
6, 5.833857826036782
10, 10.006773781615763
7, 7.875179643219539
8, 7.638576718238704
4, 4.716960609202359
5, 6.7599360857574
7, 6.772276504606139
11, 12.116666655403463
8, 9.748670904891235
5, 5.972675162465077
5, 6.932527306340866
7, 7.61717641384942
4, 5.400260989445752
5, 6.8660356531017035
10, 9.597960977865831
11, 11.71329469225563
7, 8.344747061147318
10, 8.594881953718815
8, 7.308021366669912
6, 9.022910182512527
6, 6.039012467408343
8, 8.939252016181024
5, 7.192241003410091
5, 7.146294720092682
5, 6.489935001222761
8, 8.657092658988477
12, 10.601745606162934
3, 4.233517342751065
12, 11.22894574390457
8, 7.618869919589528
8, 9.355849224925755
5, 5.460898493348338
10, 9.742439551808507
7, 7.295499817247228
8, 8.493765683007675
8, 8.74500309964961
7, 7.211891592521824
10, 9.968912276542746
3, 5.950062813274211
14, 11.527391033541777
6, 6.901127102763955
8, 7.64525123859196
10, 8.320251952274374
3, 6.348578838615052
10, 9.840583083678256
5, 4.92454180681578
9, 8.621377919359212
6, 6.407481775364589
10, 9.653413773551463
8, 8.615061191199931
5, 4.962946479915536
4, 6.285306221298242
11, 8.20891629114057
8, 8.11517768202818
5, 5.974605120481872
8, 8.451102726659526
7, 7.659431204371038
8, 5.904090821386472
7, 6.96827180218961
7, 7.181462639387663
11, 9.521769221762195
5, 6.674876934362116
6, 4.731749370546825
4, 5.183738794010842
7, 6.88508320820858
11, 11.367925657123646
3, 4.992424714682674
5, 7.265404305734017
12, 10.897360653608489
5, 7.300840409176147
8, 6.7104826296584585
6, 6.502590197563004
7, 6.899201425618776
7, 8.086009898628987
8, 7.447743785815364
5, 6.229488602321382
5, 7.219414476041373
3, 4.793497638478972
6, 8.621642838194994
4, 5.353056457499617
7, 7.199617349879386
6, 7.546793465315885
9, 8.787846484513867
1, 3.227508987692072
7, 7.917828026324718
8, 6.56817692209827
10, 9.763651363799292
7, 7.166426680417269
6, 6.271100471956625
4, 4.995844577846693
6, 7.151868540297231
9, 9.129147635226566
4, 6.104675292899874
6, 6.03203971479711
8, 8.65219541161693
4, 5.334581457622406
7, 6.410440061963653
5, 5.770186507413599
2, 3.5503518999500954
9, 8.358230787629475
5, 5.258870324557917
9, 8.757097194798176
4, 4.163807583510407
2, 6.069883589124589
5, 6.725632571822906
5, 4.610317426997926
7, 6.77511714858955
7, 5.783024852727464
8, 8.84175164634502
9, 9.616351118812776
7, 7.9575834420267135
8, 7.436019545753506
7, 7.194677212747162
10, 8.781784484056729
7, 5.8055966480575325
9, 8.397442081652546
7, 6.467500195984105
3, 4.4361820983483415
7, 8.042087265075553
10, 8.129446820216359
6, 6.991229857349953
5, 6.895542732041208
10, 11.06979007113969
3, 5.245500497381227
10, 8.333363905113739
8, 7.1478166253547775
7, 8.606460993671233
6, 7.4826654371645205
3, 5.110409589497851
7, 6.808920165519415
7, 7.229483656330491
8, 6.250840582174054
1, 3.201931644471905
9, 8.480518402628938
2, 4.391478086926813
6, 6.3955183379739875
8, 6.090300887551305
4, 6.08409400534532
6, 7.189895721218134
8, 7.524192624989325
4, 3.9502463217423562
7, 6.3728167211481
9, 8.82993057281018
7, 7.201270807914218
9, 9.185781481754349
3, 5.532079336402162
4, 4.296014763322767
8, 7.759315643407207
6, 5.955815297813107
8, 6.681792981537233
13, 10.786038415109362
5, 4.830316853537756
9, 8.160905654199622
9, 11.251608886916005
6, 6.615726347263737
9, 8.841453200945528
4, 4.801158219314741
7, 7.458441513191804
13, 12.215459589725901
8, 8.222210883223527
8, 7.19539839257858
5, 6.894213235751232
4, 4.470931709420317
8, 6.78847857446559
11, 9.780894393828396
8, 8.021239262675122
8, 7.536162765414601
5, 5.583166977879982
8, 7.24852296191474
4, 5.38536407327551
5, 6.609714579181203
6, 8.22253182372723
5, 5.5068424570552255
4, 6.040623798072424
8, 7.968476493058566
10, 9.16080499589063
6, 7.008569249067615
5, 5.157867003054168
5, 5.488734957385958
6, 7.332631514561252
5, 6.144548410291162
8, 6.38647462928022
9, 9.069011520880478
6, 6.706384807643215
6, 6.70831131158487
3, 5.5647363955537
8, 6.257757152211391
9, 10.642374305402727
6, 6.171456973478187
4, 5.203488613348327
9, 8.361689572267892
6, 6.320348015786504
5, 7.751476325117558
8, 9.411815195498313
11, 11.273913405792714
5, 5.078220595399969
4, 5.414725065461985
4, 6.994641738566231
6, 5.363738357961706
6, 5.406579677261688
8, 8.120084807544172
6, 6.368186240190798
7, 8.227016421456591
8, 7.298776732691617
8, 8.357751367870033
5, 5.920309341652261
7, 6.854149646366659
3, 5.969324982365723
4, 4.765229421980205
6, 7.304781556098181
5, 7.037361042616905
4, 5.3421510492821085
8, 6.999862559264273
6, 7.323236282990482
4, 6.9093085106175876
6, 5.1690822563731
5, 5.143422769853144
6, 6.108017391616831
7, 7.052126369151461
10, 10.656245827419577
8, 7.134322095803995
7, 7.89845464018469
9, 9.149534546072328
6, 7.070276297861325
7, 7.021797477402594
15, 14.269825631495566
9, 7.250596632592153
5, 6.241976210426171
3, 5.602383713865813
14, 13.52420861533359
11, 10.972837370409433
10, 10.053297962107411
9, 8.34563143350086
4, 5.1645118863418755
12, 11.17807991640015
3, 6.5956646452604355
6, 7.562456412967095
6, 6.7223674951805314
2, 4.139787913845385
8, 7.535858129730024
5, 6.251167665814262
6, 5.716553253228897
6, 5.7287322823940965
7, 7.299763013546882
7, 8.220756358971913
6, 6.668502170439703
5, 6.522853602657503
5, 6.106844327141446
11, 8.800775378100104
6, 8.96935699264076
9, 10.35172911691685
9, 9.791838101617989
6, 8.037189864026978
7, 8.314819702212196
9, 8.585203083639849
10, 8.426677824521585
10, 8.956375649664354
7, 6.618577625956435
7, 6.216114997603357
4, 4.491098949111808
6, 5.5497658460336865
11, 11.622961450763135
6, 6.337231854543421
10, 9.234933619034873
3, 5.0609900148485645
8, 7.289860270061742
7, 8.041910945436449
7, 8.922090648852999
1, 4.287639841947999
7, 7.838249544336608
7, 6.758726469198172
5, 6.1101524777829574
10, 9.524345024648845
10, 9.388019971879206
8, 7.231999690827364
5, 5.235658462019188
6, 8.385041147148096
7, 6.870800944215756
8, 7.320544868810246
8, 8.260325170449093
3, 4.716244843095286
2, 3.680373581394279
8, 7.005372308936952
11, 11.112393619698361
7, 7.508170621632443
7, 7.168810693247937
9, 7.478918314161159
4, 5.378270107966511
8, 7.373660975801812
5, 5.728695489779066
3, 4.912775520756548
11, 11.248214217120404
9, 9.455851791328655
6, 6.106715156576261
6, 5.626059573866142
7, 6.4274903766125435
2, 3.302833590611938
6, 5.171496090995475
11, 12.239351548728667
5, 6.0433523102306115
4, 5.328638418643298
3, 3.585580384241379
8, 8.528802684167824
4, 4.73130399656243
6, 4.6473466239692565
7, 6.990014635603923
5, 6.237612390790102
6, 7.381007924824741
9, 8.577816738537205
1, 3.163895733906508
6, 6.067493523778139
3, 5.425432136359106
6, 6.767018752778249
5, 5.338361081525132
7, 6.743404844449916
5, 7.45856463201154
4, 4.293461442495734
6, 6.390528453316537
4, 5.090845051390629
5, 7.700795360439844
4, 3.8497916727518677
8, 8.78393846103191
5, 5.3303562607403006
8, 7.481051929717691
6, 6.547373855265681
6, 7.550588777267339
5, 5.4476642161892705
4, 5.3049326945095086
4, 6.363285269623458
4, 6.1713226936866405
11, 10.492127666793097
5, 3.8250810195984073
6, 6.295120353486475
7, 8.334579924749274
5, 6.2080669505040555
6, 6.129047533657591
9, 8.630949005256259
8, 6.916250960790494
8, 7.092628808380956
13, 12.53920591658631
0, 1.6442573706167833
7, 6.239078051599173
6, 6.677400659415031
5, 5.583092720179432
4, 5.02552894198999
10, 8.910780530661523
4, 5.437719642046326
3, 4.838489458849914
7, 7.967881243852945
6, 6.01323135519893
5, 5.564478571644514
4, 4.625115864231814
4, 7.671004696860852
10, 8.444697938796764
14, 10.50946245914039
9, 9.677069609382386
9, 8.789182974683463
4, 6.376992067086579
5, 5.465355272823616
3, 4.738591813324829
6, 8.797716974224471
7, 6.419210073230572
4, 6.442151510081639
8, 7.045952881447416
5, 5.8528502861723215
7, 7.594065032681319
8, 7.570119729044136
6, 7.130842955092864
9, 8.275450882317228
6, 6.14305528738762
7, 6.2200025328769675
2, 4.593270517042214
11, 8.9532214860235
6, 8.08101321636264
9, 8.451964435342704
10, 9.98820697943917
5, 6.658866854749186
4, 7.428737304549598
5, 6.593037904716027
8, 7.524462167012685
4, 6.9411196759401745
5, 5.853850293464436
0, 2.7142408784524137
2, 3.1242988758661596
6, 6.073669807556534
6, 8.145735397176855
3, 4.950720909205587
4, 5.276153059020131
4, 5.43003512880664
9, 7.370163431114469
7, 8.316360691508244
8, 8.327239938778055
6, 7.125838210031104
3, 3.575282128772061
2, 4.443993765132733
8, 7.942036223968231
6, 6.267415920246264
5, 5.280598166009143
7, 7.3955725624032125
6, 7.571104005795476
9, 6.780619475174951
9, 9.114769403404107
6, 5.204097622232648
9, 7.987358094471155
14, 11.556545913290377
7, 7.036970163734691
10, 8.199337857301481
6, 6.409091779240925
10, 7.87700066456087
8, 7.499721336966257
12, 11.128873568587322
4, 5.076759008492603
7, 9.004072424128616
7, 6.959503918531879
3, 4.525519417129404
12, 10.255643648799413
6, 6.735560040872988
7, 7.1896522793178175
9, 8.451251013021567
11, 11.29684935538441
4, 5.059147507820842
10, 10.265594266738432
5, 8.021556051166913
9, 10.523133400975363
8, 7.85078848398598
5, 5.068507447969947
4, 6.288069934783614
4, 6.265078960887469
8, 8.945430644598634
14, 10.508957544378674
8, 8.218240799979332
18, 14.357449607763696
4, 5.511160419612194
9, 8.971880502703964
0, 2.7989452297925896
3, 4.167592892571679
11, 9.579768961037802
5, 5.1981825221791285
4, 5.69558528584439
4, 3.821286856252223
8, 9.337184174783436
4, 4.042283662527853
4, 6.532797356160258
16, 12.64636373476738
7, 6.595237223120782
12, 10.931698244481343
5, 8.153415555065392
7, 7.042173280324819
8, 8.81785908163718
9, 9.40953988297659
8, 8.623590469219
9, 8.72308305339954
10, 9.12877602033556
8, 7.584448917195591
8, 7.988038151182949
13, 11.0942569675327
4, 4.310175624160207
5, 5.454177459920408
8, 8.476067298894549
8, 8.827986371929757
1, 2.2272319820976443
7, 7.61814797233991
11, 10.87720086113489
9, 8.068330612957613
8, 5.804086917259955
8, 7.895798465679406
7, 8.37258034804417
10, 8.027560617012032
15, 12.546855081493174
10, 8.735908952566064
13, 11.864631255104397
6, 5.358221423288836
4, 4.212803740071003
7, 7.613531557919723
3, 4.696357885828975
5, 5.894952614264704
5, 7.756753059352098
4, 6.185268882589736
8, 7.927438884258556
6, 7.043851870998635
9, 9.088295786619733
7, 7.78074483112905
8, 7.076484127047836
11, 10.098744045490633
4, 5.796651444380785
6, 7.073259077380181
5, 7.529090897407753
3, 4.808004949043837
5, 6.319817425695077
7, 5.873461315683176
9, 9.184570335096803
5, 7.13957379879655
7, 6.981808650061253
9, 8.540464918856218
4, 5.2767426130426
5, 6.56497479786529
8, 8.211444398690565
9, 7.669823934053178
6, 5.830565827733797
5, 6.310063683394271
8, 8.410667036278516
5, 5.264091040292014
8, 7.9003007309902955
2, 2.7925587348511076
6, 5.997861359607713
4, 4.889479461867764
5, 5.953053450419668
6, 5.667095698676274
6, 6.567391833806398
8, 10.852451135866055
11, 10.403081357729139
4, 6.5291061110335145
9, 8.77766378116386
3, 3.9871413328567646
5, 6.0552329466687675
5, 6.753390696887436
9, 8.564520603362444
5, 6.842640899914301
4, 4.718169132193151
9, 7.52873582101471
8, 7.182431704324258
8, 7.516386280690925
2, 4.116784183270122
9, 10.328275648516858
7, 7.542921872091685
5, 6.14867592046034
11, 10.681587352883476
8, 8.694202675920943
11, 10.643341292311243
5, 6.39205014813824
6, 7.653726088545252
9, 7.2991321847781565
8, 8.140861821040847
6, 7.680687274821697
11, 9.997457437731551
8, 7.562533833651379
6, 8.325623019994978
14, 13.597690437117544
4, 6.762816952767808
5, 4.994072812591668
8, 7.196480801065047
6, 6.704865171219833
3, 5.030430771677693
7, 7.608173551203504
7, 8.176637506062777
14, 13.960064441894364
5, 4.850930957268391
8, 7.41463632071572
4, 3.281188512785933
12, 10.217440261433621
8, 6.654464916638094
5, 5.658487401955251
9, 8.83598421477165
8, 9.186103760020783
9, 8.642979615948498
5, 6.228079895196041
9, 9.302907504739808
7, 6.565259876170657
8, 8.226169606230943
8, 9.680005235407068
7, 6.838423243411179
7, 7.320015074152017
5, 5.209756095373896
9, 6.62759860596611
7, 6.836868675001468
7, 8.056276117174084
12, 11.165589083480883
6, 6.659211581978396
12, 11.60368904064202
7, 7.512091192221476
15, 11.457004594250783
8, 8.274659364922083
9, 7.495232301339165
6, 7.117919750306097
8, 6.411772579729847
8, 8.848814557881251
6, 5.547486840505135
4, 5.33246346362339
7, 6.355472996265122
5, 6.379209846381868
4, 4.942734285853158
9, 9.885820645620496
5, 8.181959946620495
8, 7.853639941306411
7, 7.469888265885751
4, 4.695499786351597
5, 5.455211302661945
9, 7.738950011871341
9, 9.052817021476997
5, 6.3316449652237
8, 8.881778537228124
6, 7.089489108195608
15, 13.423375096761232
10, 9.512382147221423
6, 7.789879888106175
4, 4.817396733751555
7, 7.88120307716554
11, 10.028903425120697
4, 4.691916736317065
5, 5.585404726548472
5, 5.493239826110938
9, 9.63714251898747
4, 6.162292090131757
7, 8.211121653575912
7, 6.942709450924864
12, 11.735251032973036
9, 9.178019396411603
4, 4.680936363333557
7, 7.627340273213626
5, 7.360623848016647
5, 6.836300919772102
1, 3.0289871323469466
7, 6.896906379458175
8, 7.508772561282584
12, 10.751666999324852
6, 5.86776799387388
7, 7.275002697206812
8, 6.694203082160493
3, 4.604014045563238
10, 8.76674406797695
7, 6.995513772050844
7, 6.255708828538264
6, 6.38935517299778
6, 5.994635451435944
4, 6.691024951942528
7, 7.564572276719985
4, 6.130608244122439
7, 6.672291335836432
4, 5.2489346729013056
10, 9.758000029870058
6, 6.606725090108011
4, 4.927044242928266
7, 7.252519929190136
8, 8.381299407835419
9, 9.10174844832805
7, 7.954799459764835
7, 9.235474613176686
7, 8.030920579441181
9, 8.650922410556678
12, 9.592908623120108
7, 8.792167490473563
4, 4.243701495285975
12, 10.531494327082832
9, 9.841573251100872
9, 8.993974922977026
7, 8.072848770594865
9, 9.293568492849964
5, 5.71551146625057
4, 5.301826629021089
8, 7.52233652728196
6, 6.409095466540253
11, 10.571127485128258
7, 7.737459081015128
7, 6.49398706114402
6, 6.892983890684891
6, 7.849885082656449
2, 3.452667060749684
4, 5.179334788746607
8, 8.306259858635327
5, 6.823403136948264
4, 5.271720585843733
6, 5.872440093609879
7, 7.649360770714315
7, 9.029919094167374
6, 6.261974910977088
6, 6.635044869672446
6, 6.203209092837147
7, 6.366925353145471
6, 7.334757237251562
7, 7.882137517930022
4, 6.707148620772687
5, 4.725785595942227
4, 7.048100249298541
5, 6.3561426266267835
4, 4.662323439636254
7, 7.673754990717239
6, 7.045317604485208
11, 10.29019416841563
6, 7.399807722500016
6, 7.168226644045654
7, 6.8945259844181095
5, 6.080682117828218
6, 6.83063493105306
8, 8.45688519544836
4, 5.905248357211159
6, 6.406497550516325
5, 5.3098412802254025
9, 8.775301682771424
7, 7.969702810552225
9, 7.979458648765624
9, 8.909901156977268
1, 3.384737593537417
6, 9.225864139001665
6, 6.977669871279746
4, 4.673334941636043
6, 6.631638522177654
4, 5.025003388233185
4, 6.374968642289974
4, 4.652039822835162
3, 5.218203272845063
8, 8.121333685419417
2, 4.212868513211446
9, 8.191099664962993
4, 5.194342502213099
5, 5.65307174557139
7, 7.177110476067573
6, 6.45546489943905
7, 7.622464111499943
8, 6.599621948509718
5, 6.50143144393932
7, 8.979745453119275
7, 6.665206279236151
3, 6.1467841844294355
5, 6.183794055343962
8, 7.049165832393435
7, 7.404060644783495
6, 6.826576565808912
3, 5.13053916006249
3, 3.673769448961608
5, 6.6417385390828905
7, 7.076338201528314
6, 6.222349261956952
9, 8.195583309217769
8, 8.78472007485123
3, 4.440754697657413
7, 6.684421414524309
8, 9.596716787366281
5, 6.471958645855719
7, 7.141413880193884
7, 7.421409004215136
2, 4.1123676318774205
7, 6.217695582565446
6, 6.795090507690893
7, 7.363967390555972
6, 7.916675392346803
5, 7.11534070894705
5, 5.6525036867632465
4, 4.759312750190778
3, 5.574584531598093
4, 4.545849052010917
11, 8.270879835565331
5, 8.05485084543404
10, 8.41590675347614
10, 8.083068409074745
8, 8.047264620968031
7, 6.459758257016143
7, 8.49576531729869
5, 5.262311649880052
12, 11.311527532163375
9, 8.055624232801655
6, 6.010768589317354
10, 9.049157277686426
9, 9.181566576450903
9, 8.390322146550233
9, 9.630412588294144
7, 7.781075242206206
10, 9.13157263641044
8, 8.247103122587271
6, 7.263202371192616
7, 6.967699936299918
7, 6.045554218274716
3, 4.1149413685291565
7, 7.3270054721081435
8, 8.354740562280027
5, 5.186875793355027
9, 7.887811822124759
7, 7.278064614707259
8, 7.774615581503936
5, 6.470684904136279
6, 6.510026971572383
7, 5.930724476751823
2, 3.248919582767063
7, 7.4698118247958325
6, 6.037158725515423
8, 8.803690210467563
4, 5.322959931947375
3, 4.642592330052548
7, 7.53159073461789
5, 5.98550090775264
5, 6.61598322077095
6, 5.628166323623781
8, 8.156557489090554
5, 4.5897896822481865
11, 10.846408109434572
6, 7.059130142331616
12, 10.799664648963528
5, 5.706332228147408
4, 5.411083344642065
5, 5.774367636086254
5, 7.3405536252502595
5, 6.026997027823681
3, 5.555824579588584
5, 7.613843628658204
9, 9.82275104841072
7, 8.375564358607937
5, 5.380753005073283
4, 6.211043944575469
3, 5.799727664258303
9, 7.300306258581065
7, 6.392346789686758
10, 8.762090333997477
7, 6.251361934796153
7, 7.2264598943129625
11, 11.227724190325368
11, 10.758176404635686
7, 7.297545325362477
4, 4.481086007473932
7, 7.950705216142679
7, 5.608356415893863
8, 7.199720260781247
7, 8.602025363167831
9, 8.54660133278173
5, 5.434215566450338
7, 7.033916740112939
7, 8.457350653034013
4, 5.835887652279044
10, 7.24328309960877
7, 7.838823367621871
5, 5.175056670140403
3, 5.661160335197959
4, 4.004950530905286
5, 7.078633603749784
5, 6.697569581783126
9, 8.135392433233749
12, 10.724252527722626
6, 6.6300698833764615
8, 7.877823186353656
7, 7.493739355559093
6, 6.505253498265843
9, 8.367962285353125
7, 6.346773114391885
5, 6.649087482373638
4, 6.732350702319434
10, 9.575505647991255
7, 7.058497293298447
5, 6.566370797203393
5, 5.453863382791053
9, 7.1349649933123915
9, 7.79395090749394
11, 9.572790217704647
5, 6.82745634967495
7, 7.710488987430979
5, 5.261544303084386
4, 5.486048301650095
8, 8.465468229853633
6, 7.20042354637706
3, 4.1212966924430585
4, 4.849002429191279
7, 6.9053416197051805
10, 9.50107154365219
9, 8.615055481536855
5, 7.30558414886566
3, 4.5058291709597125
9, 9.20236349459567
7, 8.648757062174909
7, 7.593571153014564
8, 7.848815865447391
4, 4.627792019195128
5, 5.813094829697602
6, 6.498414021282575
5, 7.517646813494341
9, 8.75485675855077
5, 6.872464550679677
12, 11.94947080938768
9, 10.048130522252547
5, 5.341097219177284
10, 8.671616836358812
5, 6.1267170816516066
6, 8.026407993354804
10, 9.334827432603353
5, 5.787359910449927
11, 8.778208688620534
8, 7.80654593937599
2, 3.479091247070749
8, 9.287871961284106
7, 7.6868754689503165
11, 10.452293918302773
7, 8.270142047543985
10, 9.723245124550207
6, 7.620377373460257
6, 5.964963836395366
9, 7.315318510493341
7, 8.198614844764458
6, 6.024494065282463
4, 6.162897744601294
5, 6.803787623924264
8, 8.764704519751504
5, 5.534389326951543
5, 8.550563336429471
4, 4.205525732748696
5, 6.486985172719402
10, 8.980112532495172
8, 8.519981941984804
6, 8.105603922701874
9, 11.035329489035345
4, 5.366090168788568
5, 7.32486078117192
6, 6.3609002245432285
5, 5.983683064925689
9, 8.777100871945095
9, 8.90427455821931
12, 9.495169161851322
9, 9.886073204013996
8, 7.902218241820848
6, 6.085227522594434
8, 9.374379615526447
5, 6.220102014969834
7, 6.659011020981686
6, 6.943338873697228
8, 6.707560872031729
9, 8.535562316928699
5, 5.819720937517691
7, 7.746585080026997
5, 6.010720408700977
7, 7.978663435895286
10, 10.24978974177713
6, 7.299931322561757
13, 10.465659287003417
5, 6.089683954699488
5, 6.170305937087272
5, 5.107085816470778
8, 7.355415896088777
10, 10.21821369400337
3, 3.6436734040193386
6, 7.366206250591375
10, 7.472718354738844
5, 6.67502145550717
5, 4.658515032774672
12, 11.79492855375423
6, 6.113344494259315
3, 3.56851070931563
4, 5.163082229637238
12, 10.729482811655908
10, 8.768492720593338
5, 6.909097994667485
6, 6.854588815173561
1, 3.3650470947475126
6, 6.95265610848349
4, 5.392200147850092
8, 7.785816893888165
6, 6.078734336683791
8, 8.207027168171015
7, 6.694220043873675
7, 8.644528330618654
6, 7.278280070897323
7, 8.157136356226674
8, 8.65227756317338
10, 9.613591448674784
7, 7.37941642582969
3, 3.6755208125490757
7, 7.462225690459256
7, 8.326917771538835
7, 7.139353838736284
7, 6.075030584273677
4, 6.105135439016121
11, 10.238306333584903
4, 6.061780846438294
6, 6.076095526713088
9, 8.050670734237341
7, 9.022924950045955
8, 7.96387764957792
4, 5.0467732399380045
6, 6.268624900639976
5, 4.732601924001415
13, 11.022936342025586
6, 7.101019049221017
7, 6.866943816236892
6, 7.820519369450283
2, 4.520367350015986
6, 6.52623107609611
9, 8.996786050345412
6, 5.966671105897119
1, 2.6129430831912535
9, 10.025653645642599
6, 4.881098341112234
11, 9.483252256044517
6, 5.70048725880058
4, 5.930821358736748
4, 5.539588057692798
4, 7.607304689818045
5, 6.552123117172196
10, 9.638038447630835
10, 9.039591790276981
4, 6.13157462378909
6, 5.878247310991867
4, 5.187780262836321
7, 7.504516426798316
7, 8.635054685443361
12, 12.533132531202577
8, 10.026573192525351
7, 7.2017557361650875
13, 13.196990895743696
6, 7.005884445597939
8, 7.420325253073432
13, 10.345091612959195
4, 4.989461445803869
7, 7.996149887538962
11, 11.353300770701019
7, 6.06827625676858
8, 7.674883745391947
8, 6.920666155788971
7, 7.719074820661519
6, 7.633442555939479
8, 8.072445652304083
8, 7.763811262611864
8, 11.184474087326109
9, 7.116183160205125
11, 10.445137295461315
9, 9.026186761428772
10, 10.429748714251318
7, 8.509915475118829
6, 7.904962720407747
11, 9.250625083707169
11, 11.65766498643521
6, 7.173952972241242
6, 7.656853753800903
5, 6.647781077113083
7, 8.190720924774023
3, 4.437726321375384
11, 10.74882963129838
9, 9.23484895024948
14, 14.924938626364646
9, 8.941136245137924
6, 5.582130082684342
7, 6.395193122163133
5, 6.008799316682538
6, 8.47496973865445
8, 6.861269039692703
5, 7.108165164255879
5, 6.360104429083784
3, 5.160366020011644
11, 11.09253876324631
7, 7.693734251856532
4, 5.103832370051729
8, 8.493010652278027
5, 6.308665604543627
9, 9.993772607389038
11, 10.728543144106578
11, 11.535617262015037
2, 3.4497949337032385
5, 4.86752634822606
4, 5.328191578220178
8, 7.98620334248428
9, 8.88532362249294
7, 8.217454687240362
5, 7.500072157523665
5, 6.652471303046509
8, 8.959958172918896
4, 4.260651574989887
12, 10.472853411736834
8, 8.34209110968815
6, 7.913494634498706
4, 3.528717679381699
3, 4.882452777203706
10, 9.111790783369722
5, 5.794348517774699
8, 8.470231543635466
8, 7.476904353826645
9, 8.07134494762916
5, 6.885311238598175
11, 11.500102730329479
5, 7.037136392146862
7, 8.029399346327606
7, 7.4076618883991125
10, 9.207082834580765
5, 4.748854983064845
9, 7.417499675666197
14, 12.870491242624166
5, 5.881954347312874
5, 5.123659114943994
8, 8.080771038376483
8, 7.455551123448065
8, 8.564325069514476
11, 7.795756719373759
5, 4.437837392857204
6, 7.232231809016215
7, 8.258468237322187
6, 5.204392558676985
6, 6.754402881652428
8, 7.302903783284142
9, 8.743076352476914
8, 7.537148457125482
3, 4.723069976550876
10, 12.769343446797771
5, 6.854434181549252
10, 8.238964041835942
9, 8.201942476953999
5, 6.460930721705019
3, 3.2812622492896
6, 5.469044811045377
8, 7.337013438292038
6, 5.852143198889421
10, 9.105455997987201
2, 3.445419181186974
6, 4.955262724171138
9, 9.622129153551734
5, 5.532549445633606
4, 5.222572933196921
7, 8.406996329417707
5, 5.989504589347784
5, 6.613954113307706
4, 4.651245118512194
10, 9.60813575765704
8, 8.21852545436622
3, 4.917839711275492
3, 3.8033539827923484
4, 4.498900627471829
10, 9.568483431432862
4, 4.705043785737819
7, 5.422308867601595
4, 7.244244546630134
9, 8.7990892143524
8, 7.935450701225408
8, 8.056267529116584
7, 7.577616050250857
4, 6.438413155930332
6, 5.759400631667442
5, 6.259033731296795
2, 4.269966639121136
5, 6.641465221746176
10, 9.343453219065731
8, 7.079784742153589
