Threshold, Curve
48, 63.828541337067364
33, 53.65639861187542
31, 57.84503463891912
35, 61.704880724011986
22, 49.78712577583216
34, 60.13987623474753
37, 64.46540638002753
32, 58.315469100025
31, 54.11872163408542
26, 48.95460515027304
31, 54.13809010321935
29, 53.99728516363476
30, 57.63699788807801
22, 51.21113318832686
18, 45.657029633591485
33, 55.80538589815379
33, 53.94098973789542
35, 48.903866988149495
45, 68.7778434549505
27, 47.187156530860484
26, 57.58050012324044
32, 58.41216812447337
34, 62.463303892245186
27, 52.12124901996133
37, 61.42368817678091
34, 47.70308193365296
26, 50.60504452183355
25, 54.65155454729641
31, 47.26083182023813
27, 58.031537966401686
29, 55.50207694451697
38, 57.8891924347141
32, 58.23414260730302
25, 49.618119879989344
25, 52.85833891728822
30, 57.21629643127929
28, 56.92015935647683
23, 50.130069883184106
28, 55.76541786534162
31, 54.82370398205199
26, 57.68270788650311
18, 42.070344844439575
32, 63.220552743927215
21, 51.638001008472656
28, 53.230600453337736
34, 60.30293844033072
37, 57.41166137317485
37, 60.29133105714619
34, 63.29471010240757
30, 63.02433329107384
28, 57.46350646925702
29, 51.364861970184606
31, 53.64313361521698
28, 55.64015219334147
28, 51.765330040429056
24, 52.461130559971494
30, 51.654735067524825
23, 43.71144200223279
26, 53.91087129139988
35, 56.78770278584153
31, 56.263192120635885
22, 49.601721045790796
30, 62.22731558085337
33, 59.884109117305336
33, 61.90033391962364
35, 65.85727474951196
26, 43.80164291539297
30, 56.45760419366706
44, 70.22058699103957
29, 59.700316850847635
26, 55.526668979894076
32, 55.56281572049072
32, 58.44359525515326
44, 68.16853046209492
28, 50.938202511952596
30, 59.20771584764434
31, 56.50987464953915
23, 49.56271598923308
43, 61.78664916713128
28, 55.01029048888161
27, 57.47724606033259
30, 60.84143465199275
33, 59.84349081000898
36, 55.690492639756144
26, 56.437812104481154
42, 65.12801329499698
25, 52.87476164737528
20, 52.54989177249208
34, 61.65587065703991
24, 57.35123226107233
19, 46.5323840585449
36, 59.079701610091014
30, 55.67719731072585
28, 59.34596114199356
42, 69.45442157982399
34, 60.03530359466774
23, 49.55058542487602
33, 56.983869899306846
31, 55.03671363016404
31, 51.4741762116966
40, 60.93444176477028
32, 57.52565401996183
36, 55.85445517150721
38, 70.01424190117991
28, 55.36434993832543
31, 58.07773891874513
23, 47.867971593951566
32, 62.53165435588753
36, 65.38665803248739
22, 51.567922130915775
31, 57.58199318741225
26, 49.514186876398995
34, 57.27402824839765
27, 52.10569181917751
28, 54.60793953861067
31, 51.15736777834414
27, 50.00240229806499
37, 62.2518205335793
30, 59.97865089877585
31, 57.472009568717745
26, 53.49473756399784
37, 57.900680034563955
29, 57.80524103418471
30, 61.56064848052495
32, 53.9982938496304
36, 53.925381380584525
29, 51.66665835149019
31, 54.65255799567612
24, 51.502428687973
26, 52.13089569012336
31, 52.4359717880911
36, 63.903861915301206
35, 61.99817493619893
30, 56.31654148411606
27, 56.89054990731212
42, 63.95939945043121
34, 58.79593349419973
29, 54.27609841338055
25, 52.92401309140952
31, 67.04194847713634
34, 61.377860084879664
28, 55.956302284525535
32, 58.96087939853446
41, 59.241321435457955
24, 49.842009321729854
26, 55.14033867604267
34, 56.71548734307195
24, 49.7502726878995
31, 58.478017957066655
25, 49.53604661980091
41, 68.50105684844796
35, 62.54051209984695
32, 53.97049203738437
35, 56.293747670601014
25, 55.81508247119956
34, 64.83508435521847
31, 53.87695598269902
37, 64.86320713422803
33, 54.76357239804294
27, 50.75260420380871
30, 57.57930248929072
24, 52.26780972676564
30, 55.739132907299975
21, 46.0621866990724
35, 60.48255849809386
33, 63.42347257369459
33, 59.6193328207786
35, 56.602218147405736
36, 63.9678299347447
34, 56.84565079219024
19, 49.976219354883554
23, 56.68465756995884
21, 44.24262780450023
42, 58.05171462735252
27, 54.877476057170895
23, 49.89261008211773
27, 52.95133885210405
39, 60.01955665641665
25, 49.98720591895037
24, 55.49624615328419
31, 59.01272619939546
31, 53.597440368039166
24, 49.00865127489455
23, 53.59368389973929
31, 56.19457128721144
35, 57.146682076638825
34, 64.73962892066679
36, 59.677796920334636
26, 55.90888255599316
31, 59.19485477234879
41, 65.23780791384995
27, 49.096488864193006
25, 51.533191590817346
32, 57.305925874978534
27, 55.35470479785373
18, 43.4650892292089
45, 64.08415260551729
27, 55.98266929166417
27, 55.01820416289138
33, 54.320283553203986
17, 45.70427372755053
32, 59.41456891514843
29, 57.87230570725371
22, 51.96807276454509
28, 53.97469039735613
31, 58.84308944625692
34, 60.15264191825058
28, 53.57637743326696
28, 56.734570559786455
26, 56.65180794662611
28, 52.31346876912121
22, 53.039932230640495
34, 55.01634819489057
32, 56.19017604647311
25, 52.632909459823175
29, 55.16817782638898
36, 62.74996202984068
19, 44.549164585409535
30, 56.6342062205717
22, 52.29361995928134
25, 56.379571265011876
31, 59.95618382832746
26, 47.61100089898584
25, 49.64284823679207
28, 56.666789939281834
36, 66.56911010919123
24, 47.849051962720324
34, 64.01078083331112
27, 54.0514940577685
26, 48.738655421739836
39, 71.52068484303508
29, 54.61005971004067
42, 61.60329668627542
26, 48.13675193762717
30, 56.2234848290085
32, 64.14301306829977
28, 50.29191155790811
29, 57.73749730182746
30, 58.88286978395849
32, 57.862382477637965
32, 55.13494276192646
25, 47.451985660699776
27, 53.35277531668124
29, 52.80004607792884
32, 51.49650759683743
40, 61.256219356115054
43, 61.85706830718771
32, 55.0474525836829
40, 69.08746193018757
27, 52.594981931128814
21, 53.13274862084903
27, 46.779123417595976
31, 58.45202021584397
28, 61.68136308079987
24, 53.89636715671571
34, 55.7193605153374
41, 70.70714568809629
29, 60.511503594040015
31, 57.53394248384776
27, 48.6262865888695
28, 51.93344964059391
31, 52.40411815418119
31, 52.71368752799092
32, 55.25833388675151
19, 43.036940845071584
29, 49.52433859368428
27, 59.67612422957899
33, 53.28902045401198
40, 73.20924519278054
32, 55.35264503283186
35, 56.237911720979874
27, 54.21722523185333
31, 59.23664562281162
26, 58.02364239369577
24, 53.29265080428111
27, 54.02791717151335
28, 55.11100420676739
25, 44.76763145158029
24, 50.991306640545
25, 50.93447626501996
34, 56.94680110014312
35, 58.829632848434954
33, 55.998921903113015
19, 51.74765922455999
27, 56.248719996306995
31, 59.99784422653915
31, 54.85040512971006
31, 54.993796759722215
34, 59.73559537677053
19, 51.28935835643461
35, 53.48892058270051
43, 63.69727806668476
20, 44.93841425813481
27, 53.90186922608787
35, 59.12940264214508
29, 52.45861070105585
38, 61.919488055839174
27, 53.804323266392174
26, 54.741834108954876
33, 55.32459017372639
34, 57.131121082287365
29, 55.08767816244922
28, 57.988085646420906
43, 64.58330625656505
23, 55.499185247401826
23, 48.40370340246985
26, 51.80004455127024
29, 57.00580518105403
25, 52.1550872943303
26, 50.80557615347562
30, 54.60766965176604
33, 62.09356706852525
40, 60.98215832764389
28, 53.94462926642351
32, 57.76305966955188
41, 61.94527708020535
37, 61.5622063876604
35, 60.10567734282915
29, 61.223680459687024
30, 56.54958534528292
25, 49.264752278382204
37, 59.51474831373031
18, 51.12523033787304
36, 58.28768537815898
43, 67.65128947260864
24, 47.123999208428934
35, 63.11323804105814
32, 55.69280146039303
38, 60.95832683552898
31, 55.90779316519239
29, 49.89121979613716
29, 55.78547603241801
36, 63.53494001240984
29, 56.35188180352891
27, 51.10410127913379
23, 51.02102962147103
30, 57.110762603463144
37, 57.78784340478301
22, 50.47758665405643
31, 59.304101689741486
16, 46.81160829752492
31, 57.831970082120534
23, 48.47900850572744
27, 55.56516347028265
35, 62.58180965294322
38, 68.15129701030757
18, 43.00715508350485
34, 52.55830284808496
26, 50.85468517627797
32, 58.2183306004967
31, 52.54033315152221
30, 51.08221255533149
26, 53.76448119289406
40, 58.90934439149248
30, 55.90262795947811
28, 53.75823085971379
32, 57.04878016531761
29, 52.29555672689261
28, 55.68211687840231
29, 55.72509278917376
29, 49.49599453575965
36, 63.76931881264534
30, 57.14702691802477
34, 60.56133975599516
31, 54.00666899974549
21, 51.280867403424494
28, 51.5324647705669
22, 54.387803960066215
37, 60.626682825807585
35, 57.23546334755274
28, 52.507051068307526
35, 59.85696830037997
28, 51.427303583025164
24, 53.19775342074719
25, 54.032197365159625
28, 56.88595021918009
23, 52.204525642541896
26, 56.02063847669723
23, 52.17123841911532
18, 44.750901126579784
30, 57.91166270162993
31, 53.17806955627904
35, 63.06164962000925
28, 55.94911367037544
32, 63.34068744402313
27, 55.86443839663163
29, 50.83448153272893
30, 53.33176218343541
19, 47.88858820024555
28, 55.61806697774565
29, 58.2499208476076
32, 57.27072552225019
34, 59.17190963995928
30, 53.07282381518891
32, 53.93435085663283
24, 48.547652400311115
28, 56.25142596146183
40, 65.11758715104536
30, 55.67924401708896
38, 58.82667098412234
21, 45.55135021699435
34, 54.16926070082562
27, 48.69914110914974
33, 56.89990855665354
22, 48.76271509537576
37, 65.40944463173281
28, 54.446952689166736
34, 59.17528100575541
18, 42.424566682471166
26, 55.48831218571174
34, 54.07855401807188
33, 58.21764106600896
30, 60.06930118165609
30, 58.66420884598409
33, 59.73164036952759
31, 56.24827101767457
15, 41.14055511583337
26, 58.92141766426649
38, 64.3922906329524
41, 65.01431201869025
21, 57.386485999622394
37, 59.60124730926766
21, 47.973878458304746
20, 49.82235620431386
28, 52.20998131346132
23, 48.22824918184477
24, 51.13815005051954
30, 55.30467271813181
26, 54.562272413486596
32, 63.84362998828378
30, 57.291887270376776
25, 50.86661943654723
29, 56.62437843576357
21, 48.37484154518956
30, 54.22374210542335
29, 55.79049870782377
25, 55.234914497143755
33, 59.47458689983006
30, 55.52667199158177
26, 52.529400964198295
39, 56.77001190857173
29, 57.24608644583636
28, 52.21313128396462
28, 53.44695572171148
41, 70.96573971547372
37, 57.61002770952764
18, 39.70012432558965
35, 61.62677848747328
30, 54.40707846075556
33, 55.69851039570611
34, 59.8940086377354
34, 56.02764341960586
36, 66.41334049834215
33, 55.90103294219518
32, 54.13715704474326
29, 54.9806728857089
32, 55.06498989029168
31, 54.91476152558444
26, 52.92815942951284
29, 56.42045224536139
20, 44.334293237721745
25, 53.84305555738082
25, 57.588386138472245
35, 62.09578707381565
30, 52.69764453948759
28, 51.565702554288215
36, 55.51524681795875
26, 54.717206045974436
31, 53.16751276933917
26, 54.36817750926826
30, 54.99945606681721
27, 54.944176013501014
35, 58.31083253899242
30, 60.28800256667018
37, 61.40202246788603
23, 49.5117117973062
32, 58.918370251139805
27, 50.82811416040405
34, 59.97594621732166
27, 56.86370619720282
34, 57.82412136705232
34, 57.736352592347025
37, 63.84437304807994
23, 54.9788111694509
25, 55.220588148002186
33, 62.94377066697484
32, 60.77177361038415
37, 60.52133340615853
35, 67.85493628057716
23, 51.6037223832573
34, 61.26231728972774
33, 57.99397109841214
28, 52.36670946799802
38, 58.48389393742009
32, 58.289329688623745
31, 52.99924428686461
28, 52.810194935319366
22, 45.36673263856289
24, 50.20132350424752
30, 59.20607006893159
39, 60.02570991289935
30, 56.418626041903835
19, 47.9022204625557
29, 54.00402729462637
34, 58.456705440386024
44, 65.7684193290755
34, 57.91439635323108
27, 57.61957604293294
36, 63.13461623528977
32, 60.126605043112534
24, 48.76586438779544
29, 54.06187905109268
42, 64.11578612792995
33, 53.29538463203791
28, 54.47076960079803
34, 57.82858498316798
26, 50.03740129816519
29, 53.6196580389979
23, 46.99967557221951
28, 54.23696017455539
24, 48.715713322023305
28, 54.05733949353366
25, 52.81028266382022
35, 55.04087544818694
19, 45.21963840289866
25, 56.76997215081075
29, 56.959567727497245
32, 59.26089516578162
23, 48.145462077511866
32, 55.53020353732172
27, 59.867039290430355
31, 57.15805830756438
40, 58.25719299805614
35, 61.488204145897576
24, 46.29751196186776
28, 58.56602726829112
28, 54.59405970325373
26, 53.35074980059508
29, 52.369812842577545
23, 48.69152828927054
20, 54.1768181385123
27, 53.85227656045616
20, 52.618413334654
41, 65.67555097525245
35, 64.0400480511071
36, 53.00221093864057
35, 67.3379413746045
31, 58.87043418427569
24, 50.74495629876732
29, 56.978903115108906
35, 56.195844523071436
21, 50.75345957112454
32, 57.00410904616875
34, 55.89310968545313
26, 52.25968195263003
26, 51.4835209351458
33, 59.22054402301674
29, 53.93873095865066
39, 65.86610362099952
28, 48.94531617017825
35, 59.33530461622219
46, 66.23666751828827
26, 56.144595396810146
32, 54.033061726122405
34, 54.779164634060514
26, 55.46805639142056
24, 51.72327006211116
35, 53.95355783757753
27, 52.70868197494945
25, 52.30612566827056
32, 59.91915391400373
38, 63.71576137400577
31, 54.05454359615636
33, 61.41090885152823
29, 56.7167242114509
20, 49.17359311474094
30, 57.77247117772572
21, 45.4349177871376
28, 53.3288473965805
32, 60.51343468221576
27, 47.213409420469986
25, 52.855450822038605
15, 40.469850550538695
31, 62.81140268331481
31, 55.06947192705459
26, 51.639008215502336
40, 59.856209169957516
41, 63.79129809911788
40, 67.31661972093066
29, 55.89095546081854
29, 56.95240472614935
39, 62.555714336013686
35, 61.00340635323148
30, 57.98256001066026
31, 57.21991930025671
35, 64.55388712465376
33, 62.56141822030254
35, 59.926688936807246
39, 59.638504359007214
24, 51.47722199078792
31, 51.407378969519236
37, 64.37803443828686
38, 65.70740876791015
34, 63.04088782307596
26, 48.33793269361663
25, 60.08192293943006
21, 51.650642329420535
27, 61.10075828219454
33, 49.39951592733338
28, 48.36261332203975
32, 62.64257432336322
27, 52.10845819055293
37, 59.326935074244616
37, 55.473623823387264
29, 54.04504920697413
23, 49.397809292400744
29, 62.88048665341861
26, 54.39456897192754
26, 51.27878166397739
37, 60.818335556149535
28, 58.14264900828369
27, 50.888754898657126
27, 50.61048903146593
32, 62.04288828879429
27, 57.821562545495425
27, 51.928323985478066
24, 50.41694096951484
38, 63.5001216548943
34, 59.60813725947172
32, 53.15828730102835
29, 54.42777854251988
29, 57.81513225683252
35, 65.71532276391466
25, 50.21827049915894
22, 47.40743883767638
26, 54.2551605191017
29, 60.40331080513064
27, 49.67949320283037
33, 56.63419945366845
41, 64.32125817829105
26, 53.071539275342644
28, 59.320633754735056
25, 50.6155163929956
22, 44.74787224805709
20, 52.74274448786106
34, 56.9891566661391
26, 53.72497578143954
31, 51.47481987148745
29, 54.63683294061239
26, 56.750974864582034
26, 50.45669604504419
24, 50.766180190806466
19, 46.40165362853497
36, 60.748395839678295
22, 48.38751788586571
39, 57.19684848151402
25, 47.62009033873798
31, 56.000373527557855
23, 52.996659380454744
42, 67.33250986815935
30, 56.37070029017983
38, 62.65221048568201
32, 61.308303069372556
22, 44.69537008549246
26, 47.915566142826734
35, 56.05544505174446
37, 62.93149968195691
33, 57.453617528157054
17, 45.77884291657263
27, 55.392255032016145
33, 58.391192664396264
26, 54.09509909519606
36, 62.945077269184516
24, 48.45078091930505
33, 57.4770519036725
44, 64.17898832339998
25, 44.67471723067495
34, 59.024149664023845
33, 61.05627863346881
28, 59.264513076751676
30, 60.11648551270161
26, 49.109923388364216
36, 57.73907179014784
37, 66.83098780895895
28, 49.33141245818832
32, 61.28884904220392
29, 54.250487338797186
26, 52.31404973787691
37, 66.02945918371627
33, 55.665146031041495
39, 59.864063316062534
34, 55.61104095188188
41, 64.65119243047452
39, 66.60543791932471
29, 59.56634514214402
28, 54.687619448063344
33, 55.45832652996424
28, 53.260451957925476
31, 57.64673153028747
29, 60.88728944600814
24, 55.5192391234461
35, 55.26051598889862
40, 63.97145621204021
30, 57.96868225338183
39, 64.250237071754
36, 62.34094813159003
31, 57.6135874741737
24, 42.2320712843051
34, 57.85970377344288
28, 53.27529586502127
31, 53.254536512255115
37, 62.46225466021939
31, 62.13376660364605
32, 61.760334230405654
34, 66.05796823293393
25, 51.70061028207794
48, 76.45426094862802
25, 49.93000163131661
23, 51.01679081733825
29, 53.68519682973803
46, 74.97167911655333
25, 56.97974622917273
29, 52.466621744795916
30, 58.3585207197007
33, 62.43769670869827
22, 44.177353813225466
37, 61.32663382064837
35, 64.10240269890414
18, 42.22676960388746
40, 64.93587046163789
24, 51.72301263734871
35, 65.72544407595275
29, 58.78974241730584
30, 57.64993506930395
30, 56.86222351452779
28, 53.58108254090655
30, 54.325409782073
31, 56.37060420344135
30, 53.06203162450066
28, 57.28300545530893
25, 56.10858741048767
27, 55.7666795327436
26, 47.20408395304123
33, 59.31638140697416
27, 52.46999354926901
31, 51.66225088532742
25, 56.98568041449588
29, 59.634285839302365
31, 59.04481988773704
25, 53.35514119704007
28, 54.65509228397443
29, 57.39187952130985
35, 62.501761013485726
30, 59.2264966619792
30, 57.28347072031761
33, 56.64665148856985
37, 61.85049304736584
32, 55.27914148735543
20, 41.29063955690348
33, 59.50277888659673
31, 54.27034991791003
31, 59.877032760224374
31, 57.69988411361196
31, 55.354351496473434
31, 52.27622656968818
25, 47.64152870469083
25, 54.10070741629677
35, 59.857405812024545
34, 57.000077978039506
42, 67.8287007000456
23, 54.90288172297214
37, 65.20940574428847
21, 51.737256539923145
19, 53.34102132557545
37, 57.95094443014089
26, 49.676102947298276
31, 53.26975272804497
24, 51.146006024529534
28, 55.32381355845972
31, 55.874549841384955
32, 58.02616235510011
26, 58.067330696198994
32, 49.873902887361666
26, 50.79169054053131
37, 61.84890842158956
32, 56.90443376147209
20, 47.096418227627225
26, 48.431116124652384
40, 62.57056246956668
24, 46.92331372874741
34, 59.73597030481933
34, 58.10867650127965
34, 62.84502951629529
29, 55.36437626070957
33, 54.70686841360434
30, 53.92431718655048
28, 56.20982012667184
22, 52.71306783629943
33, 64.05886449950987
30, 57.4452699602669
33, 55.53649269177471
30, 50.980450072488765
37, 61.56090408249266
31, 51.77194970389644
43, 72.70689005203374
28, 51.232542228297966
34, 55.88617040211402
37, 64.29181803051755
38, 62.09178770631351
41, 70.50480781775941
27, 53.71299403527729
28, 51.023808675159565
16, 43.28589169790225
32, 57.65414216381355
37, 67.0729693019137
42, 65.12024930682081
31, 51.89744750985719
30, 54.039318705074784
22, 43.23607890342721
35, 62.371340094087984
29, 58.50216518681582
30, 56.34777709513388
33, 56.67580488746863
37, 64.13305892646619
20, 43.70742576950533
29, 57.40872108984238
25, 50.35916957320152
36, 62.41655563358816
29, 57.39104082999845
19, 46.14274006153597
36, 62.52456586943847
40, 61.0900098812715
40, 61.753401577894195
32, 55.605872681114356
33, 58.716941916832276
32, 57.3284262195346
26, 57.50281970842322
32, 65.06279178698688
28, 55.679422464470356
32, 51.66904982632587
22, 50.434893499965405
47, 71.95036043818901
28, 54.32873173016143
34, 59.876113976295144
33, 53.57703156549611
31, 61.09939224500839
19, 52.23439043645617
24, 49.49824909619399
29, 53.62235091918384
25, 54.252612221084846
26, 54.16186911325252
33, 58.18854384076618
47, 69.0120780087354
26, 49.84746869932362
32, 53.45233096409181
25, 57.82329585431477
39, 57.61148718519814
32, 58.62752538636374
41, 64.4224598950456
30, 56.94067657924259
25, 51.43012886412038
30, 57.19929979931012
29, 52.692143215675685
35, 61.85460153330375
30, 53.80867385187828
31, 53.53622753915926
32, 57.299576721946806
30, 50.97310556946473
24, 52.32972305082971
29, 55.135400276848785
30, 52.976894062390485
26, 50.84753408597489
43, 67.8549665689449
33, 62.845495208072
29, 50.89267045881372
32, 52.819660470930984
29, 50.357696344221125
29, 53.002344073305956
27, 50.724221068619414
24, 53.12021800042325
22, 48.66005700016846
31, 53.79191809462979
25, 49.63429385540863
26, 55.97323163968771
24, 49.09094031879863
30, 55.28621942658059
23, 50.87114831784357
36, 59.7325672651979
28, 57.10254339736482
30, 53.57261978670831
29, 56.12082678512848
39, 63.80602661584044
24, 58.307463193113456
32, 59.605726595195094
31, 51.49622408823741
28, 62.83072419315621
26, 50.34057009323415
35, 61.519169509790196
24, 54.59305255065899
26, 51.78252387609854
27, 52.45028105233967
34, 61.87308074933513
34, 57.65204288545454
26, 56.15993676332643
16, 39.0148857936486
32, 56.835098123237174
22, 46.30821846246824
22, 51.70171280470152
31, 55.62911406003774
27, 46.20285128554776
39, 66.32128750631074
38, 56.99865177219436
30, 60.3260340133213
37, 60.04810979136973
29, 52.31142286270306
33, 57.47948793804942
38, 63.65191341658471
29, 58.07118346972974
45, 70.86143116211336
26, 53.00992629519474
21, 50.28927425541892
30, 54.79682655916572
28, 55.89650351173404
22, 47.153292397511336
31, 54.39636845795868
32, 54.50268959760666
23, 53.4344690458776
24, 47.844202410977395
36, 52.68820126978308
32, 61.40186343879382
28, 52.25938269497575
32, 54.810866623740345
30, 58.87737095760506
29, 61.24016799491511
35, 57.3972857957607
27, 49.534215553367915
29, 52.38641321010321
37, 62.82317612462152
31, 54.38431034843687
31, 50.76281478902808
31, 56.08816994684214
29, 52.73508351631938
23, 50.4540309518103
38, 59.64192363921004
28, 50.678048272560424
30, 54.49248806130044
29, 58.767678705278136
36, 59.062071384537504
22, 54.59850650274793
30, 54.91438137861094
28, 49.52236961720834
20, 53.59392512936259
33, 59.73166515916427
34, 58.004139076928624
30, 64.34217559198794
39, 60.65418939215543
39, 59.08236051073112
34, 63.06214416676937
33, 61.653514906741044
37, 60.25744491747599
34, 57.67677101558011
41, 63.925710956644906
34, 66.18034080367084
20, 41.92917987834742
33, 55.886797957597985
30, 56.595276011079676
30, 57.796978680202045
21, 49.94389582880092
33, 63.754158900434476
34, 60.922964120853514
23, 48.784555904133256
28, 54.52936280023986
23, 50.540051551180284
37, 54.81021018098917
37, 60.790714734019915
40, 62.96342360746016
32, 58.35059253180868
34, 65.03192749975695
33, 63.629744962046054
33, 61.26765399184186
24, 49.20906827306839
42, 65.77905393781201
40, 62.73587396729649
41, 64.48666278594511
27, 47.07744936390357
39, 60.447653196353784
25, 55.27435016481853
32, 53.72586498529642
35, 60.70434257555953
24, 52.50158852867915
29, 56.19611501512605
23, 51.21993978693161
26, 52.22400729638714
26, 52.241901282121745
30, 58.23060783470246
29, 53.52231419683679
28, 46.885707213649766
35, 62.512223735103625
32, 64.43569424521971
23, 48.59284090948883
15, 29.674348083985382
17, 31.4753363841205
14, 27.423760155486693
16, 27.05724353562201
14, 30.618677920655806
9, 22.91666935540365
15, 30.52581148437229
18, 32.14427764025397
14, 26.47316600818374
17, 32.46555984450588
17, 25.44046994391578
13, 23.488604665247752
17, 25.722307556803656
19, 34.483356362914805
11, 26.83423845674053
15, 30.654217404199553
11, 20.267382029237474
21, 31.783236249021385
15, 22.904344620267473
15, 27.176593502864524
16, 27.192278509447352
12, 26.532756756912427
13, 27.16235099634494
18, 36.20922965289817
19, 33.56145770290281
16, 27.280041261873784
15, 25.48969828320002
17, 29.080624042261544
15, 29.05225139472963
16, 32.0129131874863
23, 33.83868880870235
20, 29.964354179305055
9, 21.330579096952775
10, 22.936717599352686
11, 25.360523695504533
17, 26.359064140914892
16, 27.205909522190016
8, 24.081618065179267
9, 23.667236782527283
11, 22.77434546977738
18, 31.38887443411911
18, 30.31543951279896
13, 24.655678124491676
21, 30.760114027299053
15, 30.63675830119722
14, 30.7559746967024
21, 32.35590454385198
20, 30.294055490772354
16, 27.189160497380477
14, 27.533511851398313
9, 21.185175045576063
11, 24.304656744573347
14, 23.760909509427048
16, 27.77319475579329
20, 31.10981560257224
15, 27.00674750001801
17, 29.51019288637097
12, 26.79163454645943
17, 29.489051152783546
16, 30.283524340734186
11, 24.84833815069702
18, 29.196630780174615
23, 35.28995966302225
13, 28.41580134114831
16, 33.41673168920079
11, 21.955169656163548
12, 21.825719830690833
10, 22.83556955673983
16, 29.831535032965643
12, 26.06102864953277
12, 24.818271299009826
10, 23.355693820462676
14, 24.773045011397613
16, 35.08372648893216
15, 24.64808560203633
14, 25.312768752762146
22, 32.52258247715037
15, 27.50951406903917
18, 29.03133310988569
13, 23.45191446059055
17, 27.904525885051076
9, 23.527884339294822
18, 34.40842344364629
13, 27.705829681998445
21, 38.63125096518334
18, 32.4542133599262
14, 30.017621615859476
18, 32.834739008272926
14, 26.088705767888698
17, 27.026014422195274
14, 28.52243641041682
15, 24.610217717368624
17, 30.532351070733363
10, 30.19317102336284
20, 32.46001541607234
25, 34.68657852023307
23, 34.2559107907946
10, 23.015431745830718
13, 25.001071597266197
14, 24.76258789328318
16, 29.235673480331307
21, 34.61183774111183
12, 29.02852723723359
10, 21.484370077821414
13, 28.659647387971035
15, 27.012745583473745
17, 31.84906515414566
17, 29.260344941378953
22, 29.656990875358193
15, 32.80038284531257
12, 21.832703753408666
16, 31.93631993510066
17, 32.10710142235803
10, 26.0703910732147
24, 34.47310791645889
11, 24.10419831047516
10, 23.362858418033724
11, 20.78004128092268
15, 26.231685797895445
18, 29.066365452819305
16, 29.011108327039594
15, 24.74649218109956
17, 31.059473414400983
20, 30.424745056851926
15, 29.254040141399397
11, 23.64324257689332
12, 25.899537223108283
18, 26.843331768640617
15, 25.79617470690296
11, 28.475292079403218
10, 19.976560750641493
12, 25.034029492501624
12, 24.531259464856063
19, 34.39579362276606
18, 34.17938874623708
15, 23.255068010519206
13, 24.577162591084928
9, 17.90219787968611
13, 27.42707905148037
19, 28.987233970977865
16, 31.56766176987066
15, 31.50602139507171
12, 25.28513819405845
11, 24.95947071811744
12, 30.4710228589063
17, 31.02803885302787
20, 30.853423370136827
20, 32.16401467600425
13, 25.389338220060065
11, 25.36330707953585
20, 29.568948745395964
20, 32.57948164927145
16, 32.92175988220861
13, 27.881562053610892
17, 30.170781237997524
11, 23.813044441723946
13, 25.67350953745926
19, 35.884252947343505
10, 22.267886875843683
16, 30.207299602476372
13, 27.925468626129135
16, 29.48859819119787
17, 33.21715428472361
9, 21.33306744692515
15, 29.76545512372929
18, 28.71390969769957
14, 28.657922056630163
17, 28.925027202307966
19, 32.92492481127836
15, 29.53017464205661
19, 32.59139395505633
14, 26.337937820791257
19, 32.5237025541042
16, 27.07573521621672
17, 29.395958748778988
12, 26.828152857615454
15, 28.681068184047117
12, 24.82674038854226
18, 31.074755154869965
14, 25.873362067212902
19, 30.22808221262557
10, 26.484964495316117
14, 26.58482225644336
13, 24.252045447675485
22, 34.609488454703616
6, 22.133974998634912
12, 23.51197273815895
9, 25.059329352713554
15, 29.24599003850945
15, 28.888961155814982
12, 23.49226913076909
10, 26.895595844630247
13, 28.956022571183382
20, 31.437218472792825
15, 23.559707985703742
23, 31.110046685354803
15, 25.996324289303228
15, 27.557369200832955
17, 31.99973579853452
10, 26.003210030761203
12, 29.152745552329673
13, 30.13279690463795
13, 26.267332111851566
7, 22.726793750538576
17, 29.88489197420871
7, 20.460426012586193
7, 19.43728439824452
15, 25.57914250794325
14, 25.78037969123414
12, 26.65945276525004
15, 27.324519574198174
20, 33.93090440945218
12, 21.556861151251216
13, 24.489920926370324
14, 28.706586891021413
18, 32.285125547498126
16, 28.034244768998093
22, 30.88530066096554
19, 30.476754723297212
18, 28.662943072139495
7, 18.306767544036433
14, 32.287277273780425
16, 25.404812553086856
13, 29.09588770926397
10, 23.071851052903384
19, 35.08342207999269
15, 26.055891292973424
19, 31.594049296898184
14, 25.514446560588844
10, 25.591514542066417
16, 26.206024768823184
14, 25.681024187113458
18, 33.84043560126635
14, 27.392999285398105
13, 28.51100198294862
17, 32.24600439167835
14, 24.714828658633902
12, 25.76849040493577
16, 28.641089750506804
16, 28.665751875985222
13, 25.989352701639824
8, 25.27796619764986
16, 25.23907423433057
14, 26.580214505330332
15, 24.326869057395708
14, 26.341398465745545
6, 23.45438000369923
15, 26.18676279466175
17, 29.26708591781848
16, 26.92670631753429
10, 27.405804640229885
10, 29.099052383998814
20, 28.664908973344293
18, 28.62205163710631
16, 31.22331606665931
13, 24.82688808002634
12, 28.795652428592096
9, 19.55094388283645
5, 18.14673676737864
20, 30.080300976515737
14, 25.408581118524843
17, 28.59538166140605
12, 24.314082365427705
14, 26.85274247903275
18, 34.91909103190414
20, 35.37757711631087
15, 24.396014323446078
25, 35.63000539934558
21, 29.264014402241873
10, 24.754607579099684
17, 28.27099323778375
12, 26.514942922713683
11, 21.33084933206447
15, 25.107229688365663
21, 36.769236158962585
24, 33.055567692577114
20, 40.11433350959306
21, 32.399822091385545
15, 26.15502461171516
21, 32.25071978899947
12, 25.9762702613554
12, 21.065127900536076
19, 34.46281892960924
19, 31.54930952962951
14, 29.486934904689356
13, 31.094760379849497
20, 34.33303162831781
16, 30.77180779218081
16, 25.915973788476208
16, 26.199378360501637
13, 22.268914067709805
10, 21.535490116636428
14, 29.31251376081724
11, 23.747819324118797
20, 32.43687021304688
10, 20.760772420934607
12, 27.359163137609038
12, 26.95694542979691
23, 33.180235532361955
12, 30.405429974636373
15, 23.966307316278122
8, 19.39966149813359
10, 25.02450236958154
19, 28.18196718392579
22, 34.755255531862105
8, 23.416523852737377
18, 32.470660483324856
11, 23.68910907015844
18, 32.85628547582057
8, 20.71674151338841
18, 32.88565094132962
11, 24.749951581889903
12, 29.97567673824752
18, 29.594609015858616
7, 20.370311586870024
14, 27.5015919108116
17, 32.566539611990194
19, 30.374966374963467
12, 26.63474465850996
17, 30.393954749960294
21, 30.694007947781927
14, 25.412456089846266
12, 23.84938898546409
20, 32.54673016244799
15, 29.411659841250707
21, 39.188287550938426
15, 31.29348964325227
10, 22.07716453990445
11, 22.700455920135372
16, 28.246612000912616
11, 25.15471778921169
15, 28.357244790165677
18, 30.294964569131484
17, 31.90725181100457
13, 28.192272650412672
13, 28.506116584636736
15, 26.565902317877732
14, 24.070864002987463
16, 32.02493964131497
22, 36.40333871760115
14, 28.93751252265434
15, 29.130308172828315
19, 27.415047956444614
19, 28.922962701115612
17, 32.76381368156994
13, 25.80786799814834
18, 27.02987342304107
14, 30.163554709850786
13, 28.58483460096589
15, 29.75621545914052
17, 30.531775914740596
18, 33.95565620241851
16, 26.909131025578773
9, 22.605439665776267
16, 31.1495760830603
15, 29.174940948682725
17, 34.169751595038655
19, 29.823934236179742
18, 33.26916425888275
16, 27.354494899508296
9, 22.109727089757982
7, 22.01644698260186
13, 24.9626310653562
10, 25.670565133859714
11, 26.638862346205908
15, 30.263398397619767
19, 30.28971563938131
16, 30.832345779667836
14, 27.832319202488975
16, 31.16348725528036
17, 28.17982139749668
14, 26.85178995833151
14, 26.21065798019314
14, 26.098897456448245
22, 33.299999438756565
17, 28.66167746726182
11, 25.481814339635672
17, 25.875207404345346
20, 28.867472832179377
15, 30.730153059089186
8, 20.72923900615152
10, 25.454451983100522
14, 28.18456498619147
15, 32.34922402901461
19, 28.81680166034431
12, 21.02744536635166
13, 24.941187552861265
16, 28.625473004707946
16, 27.74836494069011
16, 30.06411690733583
8, 21.387821213065305
10, 20.01703231684259
15, 28.29473429460059
17, 28.391863680123127
9, 19.09674762120803
6, 26.209692754443765
21, 33.43767908867265
18, 30.994038469773262
19, 35.394922965491894
18, 31.302501089160568
11, 25.814999505577962
10, 24.29208586224885
18, 29.89448722216528
12, 22.584383353358
20, 32.19262786662581
15, 28.992667533919278
12, 20.901267603568986
13, 26.029518159451996
18, 28.286098696944517
13, 27.428353624820744
7, 23.215396866969392
12, 24.376403581687015
13, 25.918421724880375
17, 29.86578139687188
7, 21.81234074725101
15, 29.25039330432436
9, 21.48974125086829
13, 25.73682248129279
12, 26.831505566236164
18, 29.095487811058085
16, 29.985878304280686
9, 21.994818582793815
14, 26.44302910878173
25, 37.14624060182161
8, 19.867395735988584
13, 25.964916381686702
16, 29.972269427732037
18, 28.328844646402175
15, 27.00836271791933
13, 24.96368377171538
19, 31.68221007185915
20, 33.91314446951229
15, 28.825188879620416
17, 29.4291279640675
17, 27.843476739587658
16, 26.825068053620534
15, 30.584705530893114
15, 28.99024877540303
21, 31.1685578532858
14, 27.606128607218295
9, 28.140623476228836
16, 31.775853438286507
24, 40.4569098274558
10, 22.063873849969674
24, 32.6424168557428
10, 27.762208191426144
12, 21.48279164027932
14, 26.475486628616345
21, 33.88803479973829
14, 29.37255723954271
15, 29.365713815715846
17, 29.85468082269832
13, 25.827964257246826
24, 35.35449711650314
14, 32.57699446295823
22, 29.196471406154462
20, 30.16693307368224
9, 22.61313846970518
14, 28.970874877800817
14, 25.787076396438255
17, 28.390260859187112
11, 24.88675372257157
14, 29.824409302872972
11, 25.009463757254608
20, 35.5222877822061
17, 32.68760250918794
15, 29.969205684140544
19, 24.69482059756187
17, 28.288013365265467
15, 26.358130867149058
11, 27.61625898601958
20, 30.308919913708806
20, 32.70059593460701
8, 24.379010166545143
12, 30.983717421994793
11, 26.060267940356077
11, 24.295626017425455
18, 32.63246413034995
15, 28.197187367552953
11, 24.83316088608973
12, 25.002744721260317
14, 30.931677603684957
11, 19.31663724165111
12, 25.851260623569043
23, 33.866685200701056
18, 25.849607067152764
7, 19.438534471436352
19, 35.846402084092105
11, 22.86349514453718
11, 29.433546338225856
29, 38.244876819205025
15, 24.274887713119295
11, 24.559652775600878
13, 22.81744710313592
13, 28.157521490740457
14, 31.740351557286033
15, 29.38060799154657
17, 32.34530684984068
18, 27.929135619885916
11, 27.52951140795062
9, 14.529805487840301
7, 12.894041978841651
10, 13.98221764177253
6, 12.698014989754354
4, 12.98099237331592
7, 11.892858059453468
8, 12.413132749056327
7, 11.391556177022661
14, 20.341887030668005
7, 13.697029349203909
4, 11.54835412110975
5, 10.502946431546894
8, 14.521213729467977
6, 12.176907155169923
10, 15.010808593960794
3, 9.956700325373166
6, 11.28638712869528
7, 15.13484749289772
7, 15.887330321780137
5, 14.402570211804452
9, 14.487141544205622
6, 13.7190491573315
8, 11.525588855354998
15, 17.5094135203118
5, 11.80119971524523
7, 11.85401647257241
3, 9.570438890076865
8, 13.634519752419868
8, 16.173122491459296
10, 18.770878838552388
4, 10.86909254678582
3, 9.866266941106486
2, 8.713033297149403
11, 18.85920220569973
6, 13.764918480621635
3, 13.053334686302259
8, 13.313912121694171
6, 10.287534626636672
8, 11.477815360621015
10, 14.878901742015753
7, 10.731000895114779
6, 13.907470289248344
7, 14.135483405103503
10, 17.763197376997883
7, 13.598183240613855
6, 10.458875240148032
7, 16.20892805944802
5, 12.583443164052476
9, 14.665951658683412
9, 17.37836269872557
7, 14.540410348691797
3, 11.125534290253698
8, 13.352683616546601
6, 13.773899576379106
4, 8.386807600301262
7, 12.056517021241127
4, 10.47070017872873
8, 17.1858895292913
2, 9.045172113878717
8, 12.074661441957252
10, 14.399682766037467
7, 13.59017892683585
11, 17.21119704820129
9, 14.493390984729688
8, 14.034255334321566
6, 20.047011797826375
5, 11.29169989160965
5, 10.855254939775481
8, 15.168459146630337
8, 15.803928008317662
7, 16.077896140315744
10, 16.459466310054435
6, 14.513867926767618
6, 12.339841270316812
3, 8.905606882496151
3, 12.324440479808738
8, 13.897320610842117
9, 16.44785720148479
3, 9.74900791665154
8, 14.094799469382712
5, 12.916761597763928
2, 9.560083283844014
8, 12.692424096080252
10, 15.625078925140102
7, 12.828400652871958
5, 12.434115307203333
4, 12.134509191905035
3, 11.740441391468329
3, 7.95331559556364
8, 13.198579019710014
11, 17.73551392310282
9, 14.25942406199873
6, 13.027720937670864
7, 13.273601803119286
8, 13.371241308782665
8, 15.265748450965654
13, 20.71393152265315
7, 11.45840937034711
6, 11.40304220465903
8, 14.157605570510558
7, 15.460233068096468
6, 11.00906411472817
11, 17.069219793242137
6, 9.936275386800665
8, 12.211304148068459
8, 12.338829405735614
8, 13.770857921404192
4, 11.088107531500736
3, 8.725617875688473
6, 13.805396993357874
9, 12.639314230544334
8, 13.78380147052707
3, 12.405719721178107
8, 15.607291491262426
6, 10.880447846049421
10, 14.942962012512613
7, 11.91899357002144
6, 13.276023533748525
9, 15.898507804793095
5, 14.476601177432048
2, 8.216296689602162
6, 11.801442215684714
7, 12.569552292242625
5, 14.49980311107714
5, 14.38451176764785
6, 9.638959376294338
9, 15.598586109317939
8, 15.027898299013286
6, 12.22054143856141
10, 16.062496600355075
4, 12.870524079103618
8, 13.252252603714673
8, 16.05963983059967
5, 11.313057945752812
8, 13.951083384709978
8, 14.335643237475553
6, 11.20248419195945
3, 12.90377539202603
3, 7.0477498278817015
6, 11.223806556625435
5, 12.623436521903958
11, 17.55890049736346
7, 16.699901128009586
13, 18.34417340388737
5, 13.552357981366553
8, 13.30279595519263
10, 13.949221762800315
10, 18.303747580012892
6, 11.752746163744074
4, 9.685722385637463
4, 11.923909291672524
7, 12.704156720620272
8, 13.890746829756342
9, 18.173407063955008
9, 15.185343429097687
9, 12.605867118512828
7, 11.101076526829594
12, 14.16713037204145
6, 10.988103032355083
10, 16.733087833202767
5, 12.063316207264275
7, 12.922706523865212
9, 13.38326615371707
9, 17.304650377801135
7, 11.038237225394885
9, 16.865272832321086
7, 12.555347912689165
7, 12.843896223724304
7, 12.726500303887779
5, 11.422405869170706
4, 9.845998387858215
11, 15.559767565563082
9, 16.971917641377736
14, 22.907846723377993
7, 13.079556753753797
6, 10.907529144544183
6, 12.337347333001789
4, 10.695956675438376
11, 14.980506436456945
7, 15.29478115979095
6, 10.318914033487426
5, 10.522032197268205
11, 14.685403448471053
4, 8.82451797418252
9, 15.972317966614785
7, 14.581008487488038
6, 13.813988921638728
6, 13.07821485782576
7, 11.66800790661336
6, 13.34267415659361
10, 13.98175614646046
9, 14.200195575405761
6, 12.366485094531475
9, 14.440819681710826
7, 10.511111608903786
4, 10.659858307970204
8, 13.813150705365924
7, 16.60822922356651
3, 12.701307164269423
7, 13.530692085018211
11, 15.650165442610888
3, 7.891011697263594
4, 12.707967758983301
6, 14.130374109373916
4, 13.964861598084216
8, 14.608002865306819
7, 11.657178823654418
4, 9.211152159769814
14, 18.221204353005646
8, 15.481621016695
9, 12.419136879998504
6, 13.541579386375075
8, 12.67413383489457
8, 15.97973304605076
9, 15.30377638511826
13, 20.120411296353186
4, 9.91201425178214
5, 9.63361361945262
4, 9.871961410616887
11, 18.009162611289764
7, 12.04167966832339
6, 11.208005435798636
5, 8.052302361199114
5, 13.317053073343326
9, 14.243827742369238
2, 13.089047182337026
4, 11.438406718560008
7, 12.284816769588357
10, 16.12764819072642
4, 11.653162108084018
4, 13.523428774217196
5, 12.421004771490216
7, 16.99574402343338
9, 15.38619656643282
7, 15.429168333028052
7, 11.808547168110827
5, 10.574551883108105
9, 14.30150159467576
2, 13.551827584840648
3, 8.044820398553508
5, 9.859111050880994
8, 12.0934510414594
7, 14.862316283266855
5, 12.414997113504699
4, 11.238552943521336
10, 18.40881259229165
7, 12.579600546268743
3, 9.035480379914452
7, 12.692057796215929
8, 12.681720970729728
7, 12.541707764897744
6, 10.578573495968083
11, 18.96104320306752
8, 16.0242638873963
13, 17.368030646228593
7, 13.168886510197687
8, 13.856618907346029
7, 11.555225692591486
7, 11.262945520618443
11, 17.53685353243042
6, 13.875570060941362
4, 11.506157591907906
10, 14.418685630208483
4, 11.22727445537155
9, 14.77600450703459
8, 14.943871828413037
4, 10.431493902068397
6, 12.327237063147301
4, 8.918545942333074
6, 12.090923087853914
11, 15.770158399169013
11, 14.608176736893551
7, 9.888514641991325
5, 12.62722008106728
5, 10.877104037849232
3, 9.323279788992968
4, 11.227721757781921
12, 17.908811067383347
8, 13.676172341590261
6, 12.388099793410632
8, 14.0961381205532
3, 8.786494915848944
2, 8.293311840451478
13, 16.014014841839742
7, 14.04149167177052
8, 13.216318916605706
3, 10.802555551987567
9, 12.315789134060513
5, 11.112893599039227
6, 13.022028501269782
6, 11.932695327968258
5, 9.910576184115191
12, 15.343931163528513
10, 17.59435806817294
9, 14.499473569788114
4, 8.594637208140234
12, 17.221330859859194
14, 21.04872163456977
6, 13.547253006815069
9, 16.19924484393104
5, 11.492483294439797
9, 15.656937790881175
5, 11.179884868600602
8, 15.643923538849423
9, 14.083521672186745
8, 13.54075864062562
4, 7.185381034364442
9, 15.051746457327338
6, 11.699765945878944
7, 13.676902964112912
8, 12.775170120026953
5, 9.145339309783006
8, 13.624089539401542
10, 17.30055695018514
10, 16.362023907870167
9, 15.203520685553487
11, 17.15969540124065
10, 14.726193041141176
8, 12.010096097163723
2, 12.363324691642198
10, 14.243937254760636
11, 19.020443730616304
8, 15.948794508496398
2, 9.000464411826139
10, 19.361964663087274
13, 17.846046603867936
12, 17.0312842225433
11, 14.880088572903837
8, 15.381778621161759
6, 13.965248167350708
8, 10.009505372132743
6, 12.70989274864469
7, 13.023494109048697
8, 13.64437118080749
4, 8.747399507038738
4, 12.368709712911416
9, 17.680358924661583
11, 17.124359761387062
6, 12.584394780418673
8, 12.158455129235266
10, 18.328611225214967
8, 13.773668855758594
8, 15.151441929206166
6, 13.127431649354682
8, 12.849275713606865
11, 19.098918814891544
10, 13.5780089414869
5, 11.308983050238512
6, 15.276048360577937
9, 14.73485918492525
6, 13.203995492682267
14, 18.744310845404705
5, 13.552866790866506
8, 14.916503830994845
8, 13.15227526209719
6, 12.794542848664525
8, 12.526652277601489
11, 17.682198763743468
8, 15.539823783394404
4, 8.950620268505263
5, 11.495698453099859
7, 11.922141118909078
9, 13.874041074602125
7, 12.732940729433416
5, 10.649082371398084
8, 14.132613485168083
5, 9.02299607498017
10, 17.81722616496749
12, 20.21903887699334
7, 14.867057564839278
7, 13.073669143567072
6, 14.836307965907906
7, 12.928754815747826
7, 14.71367639282536
7, 17.598451909369857
5, 13.89942838494747
5, 10.464682946349456
5, 9.929220451469908
7, 15.889090866814788
10, 18.094225904804887
10, 18.26190163879462
5, 12.296726800621597
8, 13.52471751131582
10, 17.84980486484043
9, 15.160717472199176
12, 17.95243629703051
6, 11.458886189623247
12, 17.230727505357976
8, 15.336676773624879
7, 12.909746396378342
4, 9.024809263384418
5, 11.988379245917868
8, 15.627615585584286
14, 18.015027694257235
5, 10.349951499725169
7, 13.775062062077488
13, 18.111387439276026
0, 4.8030527370657286
7, 13.614714278366291
9, 14.753016865707144
8, 14.557979248359553
5, 12.66685550526653
3, 10.254144299262741
3, 10.002207308853862
5, 13.196522435889547
8, 14.506590101786031
7, 11.82712917631857
4, 11.773301744436559
7, 13.801742517531904
8, 13.012156770774546
9, 13.14514947447251
6, 9.638994271464842
7, 11.513701429379244
5, 10.27437059134818
13, 15.332122333243591
9, 17.174345752395325
9, 14.723458429942568
9, 16.050092880364563
5, 14.65415105300442
7, 13.751943093244403
1, 8.82734584923502
7, 12.716025910747756
3, 11.149349413697859
12, 17.06337993690688
7, 12.566174003233268
6, 12.835252569210953
6, 9.089708572426426
2, 8.238501100736336
8, 13.223837999735382
10, 16.937789141361126
8, 12.083090976935717
5, 9.541965696702288
8, 12.843948173802252
5, 14.409887792536495
9, 15.357486887461313
10, 12.832601970925543
5, 12.93134210982687
6, 13.289885737163722
6, 11.94136798075337
6, 14.637682939127515
15, 17.298940833155456
11, 16.988646086624293
4, 10.877950497201965
8, 13.490896749629771
9, 14.222774542733507
7, 11.11836698948999
11, 17.17147326467509
6, 12.28572119670851
7, 17.776026237930484
3, 8.794878160032956
10, 16.631259458791543
3, 8.482374104177689
7, 13.260926388600224
7, 11.731333156745297
12, 15.69909289243716
6, 9.731042602972597
12, 19.276143449961967
5, 13.258296735137286
3, 10.455400019479104
7, 14.550475553124146
7, 13.669817347482784
5, 13.268011524634959
6, 11.226344454745833
7, 11.817098639804435
10, 16.847291589936667
6, 13.834365900973669
4, 10.127881336793202
8, 14.036573434653892
5, 11.001052501284434
6, 10.867492708381826
11, 20.55222366156306
7, 14.9909801803939
10, 14.934328216240448
7, 11.248549205243307
10, 17.08991459935687
5, 13.909669253704834
7, 14.8488364945005
14, 18.38529583509573
8, 14.550649841440638
5, 16.1876890757196
15, 18.399155178023822
10, 14.234067780051374
13, 19.82357359571217
5, 10.59802023630327
13, 19.083506738337842
1, 11.590777942650119
10, 14.237847525622376
7, 13.098429910337398
5, 8.874870855875676
4, 8.833605291898255
6, 10.962117930190612
5, 11.111786483040982
6, 10.103544369668848
7, 15.27345301886681
10, 14.889134500823303
4, 10.429574451539757
9, 14.609779653682804
8, 13.769822129323032
6, 13.445875603543845
11, 17.986130249194204
6, 14.23337751085556
4, 13.759041605899531
14, 20.40880779757708
5, 13.952354527882052
6, 14.088303081776017
5, 11.706414280347929
3, 12.59213978736571
9, 13.517207189457443
8, 14.883089450215179
9, 18.04027302288427
10, 16.510879863840213
8, 12.879050912121317
10, 16.704590365042634
4, 12.730501790655298
6, 13.898004485850594
7, 13.869852007564509
8, 15.293906306477462
4, 11.58589978240615
10, 16.625280766817703
10, 14.689027336081713
7, 13.855895395983909
10, 14.29177625197654
9, 15.779427294382717
12, 18.599666500455154
4, 11.309060126999317
9, 19.332169088349605
13, 16.44951763922059
4, 16.636110645392247
7, 11.842859501339124
7, 14.290842356377322
5, 13.86465111314294
9, 14.451419739164558
9, 14.386909372104222
9, 16.933911302868825
10, 18.750568390169448
10, 13.54840818659841
9, 15.18617959023702
6, 11.111776384937626
14, 17.862693568423065
11, 16.36863885762412
7, 14.68605858391475
5, 10.3010797400619
9, 13.99773558172161
8, 12.98255560472825
15, 16.232761974158702
4, 10.474054731510803
4, 13.17200324937606
9, 14.231000658485863
10, 13.127699153765569
5, 10.724961317770498
6, 14.378746220132195
7, 10.545362912208361
11, 15.575527094379972
11, 17.701989251852996
11, 17.999014822436287
9, 17.17599402477708
5, 13.869733720133016
6, 12.871177695006955
9, 15.191641591337183
6, 13.228185181092321
9, 13.860383148389856
6, 10.766114396812549
6, 12.941963757205007
5, 13.168147490807318
10, 16.011949597787396
4, 10.95792271392802
5, 11.605054500412587
4, 12.611474900112071
10, 15.194161221097984
8, 12.998292524156085
5, 12.503764548117397
12, 20.077258431455682
2, 8.15621966552244
10, 15.295330881002293
5, 10.459903408521855
12, 18.15960372606237
6, 14.35506760903634
6, 10.629031842704165
3, 9.867671230326158
8, 11.93281758278678
8, 16.50542080248907
11, 16.94253356503961
5, 13.046474026022262
9, 15.551559381612837
10, 16.20166587210989
8, 14.42375607032041
6, 13.708733729453876
10, 15.413924252111581
7, 14.783656604432487
7, 12.916522832606525
12, 17.04771677425951
4, 11.742177576062707
4, 13.186158629986409
8, 11.925950286629003
11, 14.909935791363377
4, 12.376616179780275
2, 6.8688939630422645
5, 9.860326836430346
6, 12.456660656793119
2, 10.376551158142561
4, 11.757622295619157
6, 10.740004358381823
9, 18.11781095984742
7, 10.834891915819986
3, 12.798063143289383
9, 14.799329176728152
10, 16.160221896601612
10, 15.78307788428329
5, 12.927831420779624
9, 16.033804544879608
10, 18.83832288231204
7, 10.481397820141654
7, 15.739967365049704
3, 10.442174507968268
8, 13.16178822593688
9, 15.402135217739227
3, 7.739726988194771
3, 10.651549629087524
7, 16.963076616984498
10, 13.597450547121662
10, 15.15355443392363
6, 10.852218533784338
6, 15.374313055116627
5, 10.03080668228072
8, 17.655179200855
7, 11.742830954142176
8, 15.790640292033844
9, 13.262116691835836
7, 18.26071020837013
14, 19.223333837939528
6, 10.824136451141644
3, 9.231772467333013
7, 15.11950966299736
7, 9.30404605210719
10, 16.558698490048084
7, 13.083651433473445
6, 14.547210374753229
5, 11.240390106846679
14, 20.569677017367017
5, 11.42676490278266
5, 8.286582117811339
6, 12.127210666459321
9, 14.108707404097741
11, 18.645627597845202
7, 13.781916513467788
7, 15.950167849414765
4, 9.393189826959272
4, 13.738957482851045
10, 12.987350511655642
6, 14.348722949134599
8, 11.862901665975235
9, 12.55672514794458
4, 10.818147247944253
5, 14.654936514119685
9, 13.933549482383018
7, 11.75565564523081
7, 14.785773280925962
4, 10.272984171321504
5, 16.795561908284363
8, 13.455916839049532
3, 8.719244667683203
6, 14.577794218236114
7, 14.408585371247652
9, 16.83037035350402
2, 6.257316556025484
11, 16.864520488966686
4, 7.935451291941923
7, 13.808475552232201
6, 12.248367622849363
7, 13.5556442921492
7, 12.565157224461567
12, 18.943481392069582
2, 7.036797108677531
5, 10.84221467099498
4, 11.735168641799282
7, 11.976573935693404
4, 11.534276483567744
7, 11.965117981076462
7, 13.390158814854297
12, 15.786121206244077
2, 11.226048933965492
4, 11.603698671890152
8, 14.040734906696136
9, 13.329957016577888
8, 13.434687095690494
7, 12.456023255460352
7, 10.190732068713155
9, 13.562783936196125
8, 14.658897192071612
7, 12.164210088440225
8, 11.837744194691048
3, 10.49264422519968
9, 14.245377971169408
5, 12.356389152839723
9, 16.754838325267734
9, 14.782270699475326
6, 12.507907700444099
2, 9.310539204355964
12, 17.990198302743252
4, 9.903621668535575
8, 14.07907481282678
9, 16.445183779609554
13, 17.502098012764332
9, 13.270771613555567
6, 11.078374561597688
7, 13.790896759012755
3, 9.554496023704246
5, 13.693359204000997
4, 9.682164397922653
7, 11.444472159872634
10, 16.646432548605492
7, 10.620889637055793
6, 10.653208954063142
8, 12.896221132133386
9, 17.089842292811813
3, 8.307442656550494
4, 11.172015418670169
7, 13.681219836975725
3, 9.378072738609568
6, 12.299252025038166
4, 14.332024289785226
11, 16.32268050612207
7, 13.514335761008304
9, 16.312832200429444
7, 15.301272629404075
4, 11.254763546604877
9, 15.328388423915408
9, 16.41999196187989
4, 12.166016818995647
5, 12.400218608936859
8, 13.622985031018002
3, 11.613674473549905
9, 16.132853715039726
7, 13.918351316328783
9, 14.054483038386909
11, 15.25718950190815
6, 15.004905975433125
6, 11.779483080126507
2, 11.770030977836697
7, 11.396656072680669
9, 14.688490997222871
5, 14.410465723674525
5, 14.568153321169408
8, 13.77704149564394
9, 14.253178095633851
3, 12.058533534103763
9, 16.17580457772823
5, 15.3296852612528
6, 13.014945715833623
7, 11.925798718190647
5, 11.682820462552623
7, 14.2819509083632
10, 14.487551274222456
5, 10.408311645474619
5, 11.188533122272268
8, 16.041956927778205
4, 9.032877168364475
11, 14.2825753515968
6, 13.19854139612981
6, 12.322881952779024
6, 10.581865880384552
2, 9.504233100101334
8, 17.94538162346694
4, 10.200639358890674
13, 16.82140114525502
5, 11.948106682355677
9, 16.222877806560906
6, 11.629630691274063
10, 15.496082240337733
3, 9.459250571542384
6, 10.22743069879173
6, 13.846757115399662
7, 12.44993010021377
6, 9.986826420377804
10, 15.874682262035645
4, 11.603219657732799
6, 13.874327820160628
9, 13.78814464633867
11, 17.50912069231484
4, 10.548500026997178
5, 9.892866831881458
7, 11.322464899555067
1, 9.923393939742628
10, 15.216887509511555
6, 12.539396656260408
9, 15.1950880401604
8, 13.571764378016619
2, 10.453361560171116
12, 21.861792244497565
8, 16.943529530604682
11, 16.318938130883865
6, 11.104862177529604
3, 13.228468728731688
7, 14.046715303116935
9, 15.063393865624207
7, 10.785290710541407
10, 15.089329277440537
8, 14.223740357140127
7, 11.280971170651375
10, 11.77932537397258
10, 17.46761986772413
4, 12.328034922022377
9, 13.403916122442201
6, 12.840069152090921
9, 14.105264967140204
9, 17.112907927320673
4, 9.764811834865483
6, 11.321091593056005
7, 13.890364667953609
9, 16.831823880184935
6, 9.382840522720578
6, 13.880158468373882
8, 14.634071262191569
10, 14.570083465108866
7, 13.277506641217093
6, 15.02767221718777
7, 13.190281384899661
7, 15.791712034153479
5, 11.10760716746604
7, 14.171620737878012
8, 14.15355641401931
9, 16.153179807229467
12, 20.065668754184134
8, 13.962030232621622
8, 13.88672487310654
7, 11.286554813248841
6, 13.730291491438713
5, 12.970052510112646
4, 13.460127363511422
13, 18.535353708983067
8, 11.302110995528055
7, 13.402583057445387
5, 13.788763399465859
9, 16.694836600473938
4, 10.600525868905159
13, 16.59949332473101
6, 12.489428740943707
6, 14.446457298892529
9, 16.73601754321724
7, 12.642806845746817
12, 18.418425978847704
6, 12.70148044122302
5, 11.972884473745106
4, 13.56346320981014
8, 12.385957122532801
5, 11.861178558840102
4, 10.57949928338424
5, 10.054741358573212
3, 10.68739003567154
9, 14.918333216191366
14, 20.49610044082793
7, 14.531366335535402
7, 14.206498810295237
8, 13.541054257402587
5, 11.853435525709845
8, 18.26024910012266
5, 11.148564166557383
9, 16.246092122752174
5, 11.859467498249094
7, 13.88736607052208
11, 14.77325269133798
9, 15.292838521409594
7, 13.079266982328058
11, 15.598752194234288
8, 16.335542614229336
6, 13.03941032678827
7, 14.261374365289061
7, 10.140571991861174
7, 14.603396136792453
12, 18.62993683831494
9, 16.53022171472112
10, 15.714277973620707
8, 16.62824853047991
10, 17.524230984562777
8, 12.830722082171883
6, 11.844844711443468
6, 14.681436852432645
8, 10.672497245345056
4, 8.66390151611001
6, 12.866418878276546
9, 12.530265345156433
4, 10.409294198388542
8, 17.00822647586602
11, 18.026942684585457
9, 15.108209059990514
7, 14.37757230734019
5, 12.524392962009461
7, 11.129856694094562
6, 10.957909337725095
7, 13.021051738875903
4, 9.351113875177443
11, 15.206435388171194
4, 11.025815132568708
9, 16.17290598744747
4, 12.545371299365739
2, 8.591735393461416
12, 16.633381525888854
6, 10.0949443642769
7, 9.891561503915286
4, 12.117224576837417
8, 11.708063298055247
6, 12.50637455095454
5, 11.350101069766302
7, 13.709858246681769
7, 11.450057626035356
7, 13.679283666494396
9, 15.600234279504267
4, 10.754861350924843
10, 15.565080097506423
5, 12.172256463424997
8, 13.182607335811582
8, 11.940352590782554
6, 10.17165046600616
11, 14.51857956753761
6, 13.452450101245375
9, 13.695720080972066
11, 16.760052017660172
4, 13.79485704102924
10, 16.332747860333324
3, 10.575517260300144
10, 15.243039126420028
8, 14.884123519876615
9, 14.417873386037371
4, 9.994839210332943
8, 14.044869774953478
6, 11.80974201697562
8, 14.941251811542363
6, 11.744575339796693
8, 15.6630810369485
7, 13.514088773316558
8, 12.454455517870846
6, 8.058169065435333
6, 14.142358500892964
6, 12.280256677613952
7, 14.765383991109635
8, 13.332838445376046
7, 14.02905418489391
8, 13.294963504108905
6, 12.972926295875643
8, 14.800011052101917
6, 13.595585217804185
5, 11.07355905578709
9, 12.788661850372565
10, 15.44592078748363
8, 14.587023994365076
7, 11.413995981272052
8, 14.284353266733147
8, 13.730977342810734
8, 16.02524109275878
13, 16.083852166411766
4, 7.852831036848198
6, 13.624306245175035
4, 13.08592317302678
8, 11.647843765713613
4, 11.659470455829581
5, 11.490462089351668
9, 14.349069083101755
7, 12.126287901891846
5, 11.280793988202822
9, 17.36235220759054
3, 7.612182361684012
8, 14.232374155940052
6, 13.825791980242643
4, 9.87964046289072
7, 12.218658233075269
4, 10.668350199133485
12, 16.734582238440993
2, 8.366514736995303
9, 17.34348797083898
9, 16.710963760228076
10, 16.664891551742123
9, 17.255883222383048
10, 14.154029475151923
6, 11.540905368994357
9, 15.18827811486772
8, 14.058827318609481
8, 14.229649369471735
1, 8.804718422072447
5, 12.56520953704898
7, 15.126185347541817
1, 8.52564407994393
5, 11.590576332546487
10, 18.590159580282286
6, 11.081961333637615
12, 18.37305023110354
9, 11.666177068736863
10, 16.317013993992884
6, 11.259354010996018
6, 12.186161638041542
8, 13.480085620019532
11, 16.483219644474662
10, 16.364009090155005
8, 18.501687628802756
8, 11.972547121150537
9, 15.833337424728642
6, 11.042682354515764
4, 9.378210962022115
5, 10.14747552552042
3, 11.157392675942093
9, 15.766119783799846
8, 12.939115541723105
13, 17.415266673043586
8, 13.112266013723813
10, 18.10370518532714
11, 14.664457282345435
9, 15.650887766387587
9, 14.698278263868897
6, 12.243984663616498
6, 11.912385857625074
10, 17.18142192716437
6, 12.140216262715246
7, 13.961194414209048
7, 13.898518559593578
5, 13.078021346149159
11, 16.527597784652457
8, 13.17741891511751
6, 10.30963957926904
4, 9.048591385376495
8, 17.050647797721204
10, 15.717650281705113
5, 8.946593838919778
3, 8.470478981601651
13, 17.646544407602267
7, 13.200933243957925
10, 15.824234497521799
9, 13.627057005270462
10, 15.578543987305842
7, 11.759719056570995
9, 15.791370996068716
14, 19.993340529600474
7, 14.004093121207283
10, 17.26431287808347
7, 14.126339286377211
8, 14.416447568777937
9, 14.160014057793305
10, 18.514378088655846
9, 15.157220011237381
6, 14.812735915033763
6, 13.128140984064585
13, 16.992737827203378
7, 15.609093611983047
12, 16.88037064006544
11, 18.834675183867216
7, 14.130228086439136
4, 8.65423047578663
7, 12.468640435495276
9, 15.725077051539708
6, 11.260571322968298
13, 17.013850104154464
2, 10.707432585476544
9, 13.274667277847842
6, 12.37507193995789
9, 15.28914620786134
12, 17.63499090356426
2, 8.503915122304399
7, 13.926092350019275
2, 9.666458829130688
6, 12.51462084210742
9, 17.500164965816285
8, 12.504429802073114
8, 13.435774808817712
6, 14.049119651214259
6, 10.926514631497254
7, 13.773247020362232
4, 8.394469901032625
3, 7.719900609064528
8, 13.66188554943872
7, 12.217265477880215
6, 13.367908922439549
5, 9.725223112834442
6, 11.25446171422936
10, 14.649122743136694
13, 18.989611335471828
6, 14.101825170396207
8, 15.778019223954056
6, 11.2682891795076
4, 10.50069224370523
7, 13.980046939808947
4, 9.33675709122358
9, 12.731085530265888
5, 11.623249434452308
5, 10.568374386196165
6, 13.44682018679603
10, 14.000228822637602
6, 15.15119604682787
8, 14.215804200651682
7, 15.45610903861394
6, 11.607020259235536
10, 15.325269185795943
7, 12.28357703833977
6, 12.812254664185435
5, 9.987817832350483
13, 18.06125841487401
6, 15.409863808063625
7, 13.696960016537087
10, 16.753399233497213
6, 13.170171916404632
6, 13.000941650416166
6, 13.404511656436538
9, 16.813589426303743
5, 10.393723292698047
11, 15.923762929065775
5, 9.333887655145315
10, 14.48318569788477
10, 14.199708543525793
5, 12.476635761460656
6, 15.032160905137694
4, 12.971255668477674
7, 13.698440007245843
12, 18.959636287447175
9, 15.964419445315578
4, 10.186894092549583
9, 15.039863154946376
9, 14.474708462116041
8, 14.879883054845342
5, 10.939859485442216
8, 16.526639027606397
7, 9.864742555866128
7, 12.232652092382846
7, 18.010898842650064
6, 12.496341065122323
7, 12.119221294086366
11, 17.779274120453994
14, 18.980340880361695
8, 14.084915141320463
6, 12.193156395247474
8, 15.726738285931534
7, 13.43951561364744
5, 11.595620647017672
6, 13.867619451775596
8, 13.052615383601488
10, 15.106635696024902
6, 13.007393148884956
3, 9.934092759202768
8, 12.18452523181432
6, 11.425549267055443
6, 12.410175691844639
6, 12.77700423444863
5, 11.544388542540176
9, 15.712813878079576
7, 14.022439062248061
10, 17.79727153186804
5, 10.64170511488537
4, 13.458384160578468
8, 14.391258154093235
9, 12.178327390110258
10, 14.23074973496118
7, 15.942227601416874
10, 16.489057328955628
9, 14.868472049177287
8, 12.362332786075891
10, 13.15599497664033
6, 12.736832835633502
10, 16.21793577057813
5, 12.686497148691645
7, 10.345401404008882
8, 13.493074221133053
8, 14.90774243825829
8, 14.332608719020604
7, 14.309155620807674
10, 16.794411864255324
2, 6.606769240956635
5, 11.892796716386
8, 14.144385920896799
6, 12.919293384264389
12, 17.31837650381352
9, 16.362473114378385
11, 18.75541656766729
13, 16.884447679944426
6, 11.503890769165139
11, 13.91172474139604
5, 13.917668641527634
5, 10.78866672295811
8, 14.86829723140436
10, 15.069656170585489
2, 10.115366541994579
5, 12.572387406615869
6, 12.07712435259581
3, 12.310967569028417
6, 13.766089662977032
11, 14.16385371930143
6, 16.4392554529805
9, 14.389225370602606
6, 11.201725004650479
4, 12.404394491757023
3, 12.866245983061576
3, 13.796156200173236
11, 14.513055668593815
7, 17.14218578786717
9, 14.130291726831064
7, 14.088321969991709
5, 11.637480288246401
7, 14.125390116851554
6, 11.917548560381226
6, 9.740382775286191
7, 14.947824712542838
6, 12.296484967327197
4, 9.940912585758994
14, 18.058280890080205
11, 16.77467237502764
9, 15.333038109589143
11, 14.686911380077367
10, 16.62522171870189
6, 13.446961461455649
5, 13.571984915063917
6, 13.706803466885994
9, 16.405879629845554
7, 13.15880237269695
2, 11.881816529325295
16, 16.783796474475615
11, 16.101905349195608
12, 15.86838880696795
10, 15.1871153460227
8, 17.25256636131826
3, 12.234719795137657
6, 11.710925285167136
9, 16.816822134778207
9, 19.022853996643917
10, 18.077752833305706
8, 15.048439011348641
9, 15.62085209127733
3, 9.83998381210647
8, 15.02132777602329
1, 10.915880700445381
9, 13.641282935547759
7, 13.515470810835172
8, 13.419644295571358
8, 14.245642603291907
7, 11.678379459414115
8, 14.086832615073972
3, 9.006665592811524
9, 15.264725331038843
9, 14.043603216336153
11, 14.829691689269286
7, 15.650072414692241
10, 14.647569562468279
5, 13.75077755332543
7, 12.904504951067075
6, 14.38952951516519
5, 14.864404179002696
11, 17.334007575782845
5, 12.011256201645784
4, 10.974853424339678
6, 12.657230997478047
8, 13.495576440254718
5, 10.938459585033229
8, 16.190383293493166
5, 13.89211526734464
7, 12.652685911162058
9, 15.791578718838748
11, 15.04123237077985
7, 12.87821009198977
6, 12.212842548547243
6, 10.087857931288394
12, 15.20143172874209
9, 15.484900115482777
4, 11.143493106218656
4, 11.501173659320129
5, 11.217789600431594
3, 8.491251034821033
8, 13.562167843525163
7, 13.05119989309407
10, 14.022061290214168
4, 12.708935995312471
8, 14.271355847294101
12, 16.657384253537
5, 9.350489925763034
12, 17.02243634893818
4, 13.070653116447582
5, 9.6871054968002
8, 11.697248806611528
8, 14.96621861794379
9, 14.665768339239523
4, 9.098893626752355
18, 23.251943910784153
12, 13.765034946710658
4, 13.084445805697984
8, 13.973842465117233
5, 8.468470034903865
5, 13.079013148972784
5, 11.063432248687581
11, 18.247470522552092
5, 11.340123725810566
8, 13.77568217412495
13, 19.08798058088174
7, 12.219994170193125
4, 12.592337595004357
5, 11.210685906771447
8, 14.82152551063904
6, 11.534009178749237
13, 19.500314702671016
9, 14.18817907856268
10, 17.341324509468716
3, 8.356304307276721
8, 12.39787930104454
6, 9.61338813297749
7, 13.533733438997574
8, 12.876188534214286
11, 17.317934051354698
4, 10.05721416267239
6, 14.899786694239252
7, 9.934419204979285
8, 13.875804764830056
11, 17.870350805656507
10, 14.58877350575288
8, 16.247080818058016
8, 11.89532545429247
10, 16.74482973248565
10, 13.666585045611557
7, 11.805705540298394
7, 13.610793986201072
5, 10.686614490997593
9, 14.145143456207695
5, 11.84843658140436
9, 13.441884697415585
9, 15.109167625558285
10, 13.945787580557738
5, 10.202026472043922
7, 12.674332839855408
4, 12.961911300074494
8, 16.16435580998931
11, 15.574434210783188
8, 12.036254955101507
5, 10.514857721694378
7, 16.26745475559205
6, 14.901390818135834
7, 11.951286694681485
10, 16.69003820318934
8, 14.999755607253327
6, 14.97405236015669
8, 12.915640630706054
6, 9.731936308609646
2, 11.203946684430132
6, 11.171855251259133
9, 11.045298816293394
6, 10.88292515677966
6, 10.506589007435391
11, 15.876887817528306
5, 10.22572536344307
5, 12.418395871389952
7, 13.40198169896689
11, 15.728641017133983
5, 13.298116027510588
7, 11.34224287824756
6, 13.864131518511128
4, 10.253266397484873
8, 10.73428927037852
9, 15.40419787960858
10, 13.521999115740366
11, 16.46112947914052
9, 16.17849655798444
6, 10.786012903836681
4, 12.75313293870277
4, 8.919650837321262
6, 12.747675771694754
7, 12.02688810889488
13, 17.520343495215013
13, 16.845542004632563
3, 8.18280735550207
9, 12.647331788194041
7, 16.263914224128246
6, 11.223314734522317
7, 13.089229754953243
9, 14.901426020876235
8, 15.259248436392587
12, 18.740613992504123
12, 19.38487696962755
9, 13.075684614682855
6, 11.73592010534581
10, 16.9949753500256
5, 16.019011603088824
9, 17.45678694921497
2, 10.966103913523364
7, 12.323646844915647
8, 13.816095991786876
2, 7.351969959290443
13, 19.425229610098686
6, 12.791016682332303
5, 12.331148691854569
9, 16.43919106163613
14, 18.957273428388273
4, 11.712992602226079
7, 12.278895862148419
9, 17.187926472505268
8, 11.467314758355512
7, 12.764806579056522
5, 11.143271285355501
7, 12.099854082811243
4, 10.714430407129115
8, 14.312617496782678
4, 10.67494020254657
5, 8.693475708588444
10, 14.110010812446367
11, 14.972055532491218
7, 11.256216503305883
4, 8.164853133398793
9, 16.240272082689213
6, 9.533443267240761
10, 16.41510048762058
5, 10.453388895895777
2, 7.843953332528761
5, 12.441746891015748
8, 12.393547129193077
3, 12.430617391036368
8, 13.33398848557552
8, 16.1817381075343
5, 11.81214529317601
6, 11.930004668833323
5, 11.153578319400712
9, 14.512686798301067
7, 14.83454941554459
10, 13.852567528767606
7, 15.316439922451067
13, 21.46263632139352
7, 14.401058202851482
2, 9.262691797654293
8, 14.23864070168547
5, 9.784871908631391
8, 14.541291099676213
16, 15.654051470060493
4, 13.391875876021855
8, 15.724315914892324
12, 16.255683432675593
6, 11.573363859732241
2, 9.796447330299719
6, 12.190207828834941
4, 8.379738980159082
10, 16.026637538937667
13, 16.897700058180508
10, 15.786455052720092
12, 16.844772958647763
7, 16.5907761173463
8, 14.114178386793123
9, 15.978467945189678
4, 11.952745510904055
8, 12.610173749686243
10, 15.026808261371986
7, 15.573184442673172
5, 11.899578240069975
6, 12.134119909961282
8, 12.217117845902635
6, 15.151996442202373
7, 16.05126610530385
10, 17.516429369347787
5, 12.629616445933973
11, 18.950712266829033
7, 13.515523971431312
8, 14.694158844969335
8, 15.361701011736645
10, 14.900620926383725
11, 15.50839592281281
5, 13.541419302299287
3, 10.694617031924135
4, 8.12443846651337
11, 15.89014162162267
8, 14.763662899116923
12, 18.329295217328326
3, 11.242792056806458
5, 11.722245576047744
9, 15.582753809009525
10, 14.108533452873534
10, 16.151775801362028
4, 11.383820124568649
4, 11.479093914385942
6, 14.307762615128
8, 16.320457554549165
8, 14.720934133354186
6, 10.811379973936036
11, 17.935749323983337
11, 17.235210127559725
13, 16.866120433885282
5, 8.288832770434404
6, 13.199932544559118
13, 19.036181558593505
10, 18.609946752072506
7, 11.132853518180188
8, 14.262594369019155
12, 13.442132157275772
10, 13.900778304956901
6, 12.802163072945373
3, 12.029879256402458
4, 11.208768692724991
7, 12.827191779606517
6, 13.549958935858717
6, 13.76317030937891
3, 8.919633059806921
3, 10.525200857686187
5, 10.756282495113831
8, 12.953261331258247
11, 19.21872692557897
13, 18.99061761354903
17, 19.475367319606278
14, 18.652577511930605
9, 12.966151888861326
8, 15.612166488802407
9, 15.958228953238738
9, 12.12604158465883
12, 20.312140562896612
3, 13.01153400523266
5, 12.809058433947202
