Threshold, Curve
1, 1.824400846458536
2, 1.7674502033778803
2, 1.8859807985197852
0, 1.2141273501986505
2, 1.9315849077613563
4, 2.9013992590641973
0, 1.204338517863876
1, 1.7745732770250306
0, 0.42704254947116593
2, 2.758282120545546
0, 1.022924630260698
1, 1.1691169429656494
0, 0.33482134756464293
0, 1.0954375494038495
2, 2.341337693718636
2, 2.4151877848418684
0, 0.19087535803817562
2, 1.8147688346989215
2, 2.3836462360141084
1, 1.5208480466630403
3, 2.124672851679146
0, 1.394261199963205
2, 2.5262890215851894
1, 1.5951401169006543
5, 4.719326684081977
1, 1.3233452475009448
2, 1.448836386901737
1, 1.0965310421452952
0, 1.2333437868163273
1, 2.5312478562497307
0, 0.593973094980639
0, 0.16259131335305435
4, 3.001384564149573
5, 4.088374519060516
0, 3.3579293955001592
3, 3.2387219067489665
0, 0.7247294441213045
0, 0.8632303467741358
1, 1.6349029767560526
2, 2.370715496848492
3, 2.0582319330497305
0, 0.8478016211497665
1, 1.719324237731083
0, 0.5700350422157304
0, 1.2316737166953222
2, 1.910639180049267
3, 4.17048815059205
3, 3.109500158364087
3, 3.208030499222453
1, 1.8588109799259154
1, 1.3882478056971215
3, 2.2514429048598945
1, 2.0767218631271995
1, 1.0301475207689836
1, 1.6288367982999412
2, 1.6566932854910754
1, 1.6158954564252572
1, 1.318357394302904
2, 2.2539854261835672
1, 1.5140058828229148
2, 2.8771773132803347
2, 1.5319626609006707
2, 2.0816862935651197
0, 1.221993672427713
1, 0.625573198738192
2, 1.3427465937791188
1, 1.705146455474335
2, 2.402704812336042
3, 2.466666741858855
1, 1.3432509011501825
5, 5.289886731637635
1, 2.0843169253449916
1, 1.2856619795021798
3, 2.049736831454099
0, 0.6807026461969161
5, 4.078506067262719
1, 1.8958383622316957
2, 1.483659938060297
2, 2.281840346613037
0, 0.29178063178163344
1, 2.0065681534708637
0, 0.5270720978616203
1, 1.65028778741831
3, 1.7105985280816924
4, 4.013288382117575
2, 2.027586756906135
0, 0.4093905249693466
1, 1.9668138353511784
1, 1.6544981290629972
2, 2.3949369831802847
4, 3.049264997188995
1, 0.8737911172876515
0, 1.0239668932357273
0, 0.8629366439871877
2, 1.6128578039699328
1, 1.5749993987035793
0, 0.6765467765500107
6, 5.225817178814168
0, 1.1750207959706873
1, 1.6494494172731624
0, 0.5611088647776981
2, 2.563178791707605
2, 2.569673565239495
2, 1.5345623363529286
2, 1.7693621822932804
4, 3.300522818290563
0, 0.5000481837053302
0, 0.31003599731852927
0, 0.38365158290395496
1, 0.6986086239737903
2, 1.420565283773411
3, 2.7583593918656804
2, 1.6159674953358951
3, 2.656605193061648
3, 2.5989181768437892
3, 2.5528422223475373
0, 0.9025919037254055
1, 1.512136523196659
3, 2.7665026746377155
2, 1.5719919496647636
2, 2.1853909630496036
3, 3.224940549906406
1, 1.6317352664882885
1, 1.7446568461419953
0, 0.7630526191884774
0, 1.11219397161893
1, 1.022482607982487
1, 1.3256765388906189
2, 3.0634304413680415
3, 3.2920578259395934
2, 2.4151670929896336
2, 2.126965734887246
1, 0.7183863944887512
2, 2.2797857538156605
0, 1.207411709796702
1, 1.3189735753004366
2, 2.014272007031706
3, 2.4279418771371635
0, 0.4511464201231832
1, 1.0437987657055776
1, 1.596321441436158
2, 2.239184736468619
2, 2.4054851956163956
2, 2.366849744380377
1, 1.3587305667612608
1, 1.909345000346504
4, 4.4674972695002895
0, 0.621055111282402
1, 1.6167920767230135
0, 0.6803053216916626
2, 2.1881359820611
3, 2.0622225301429893
4, 3.269627075696454
0, 0.7542358220600244
0, 0.7211478029816025
3, 2.131880563325819
3, 2.441619193376882
2, 2.34984621164529
0, 0.7712035112969547
2, 2.2560367779321964
1, 1.2901680434078175
2, 1.8610838447788707
2, 1.9506246664406919
1, 1.786582575795203
2, 2.4020836578317657
1, 1.5304496069188598
1, 1.1532718710886856
1, 1.9576712797132247
1, 1.0020329795971088
2, 1.6150896393004577
3, 3.0412971074958497
0, 0.6569760651888934
2, 1.970513693445511
0, 0.7208104634663378
1, 1.0375976560454694
1, 0.7730434360754984
3, 2.22301801733591
0, 0.9066018004762215
3, 2.760719099712949
1, 0.9289072020851504
1, 0.9455400903893407
1, 1.2991770373109586
0, 0.05053477439566418
2, 2.905871912875543
6, 4.450021150765963
1, 1.3733581100829413
0, 0.601699216585317
0, 2.9158543214999573
3, 2.7852534521667156
3, 2.853781368481615
1, 1.4813501608200332
2, 2.9964584810684083
1, 2.07251796530293
3, 2.8849771127501285
1, 1.3637454314921884
2, 2.0244591106474217
0, 1.0504294053405372
1, 1.6928574686601217
3, 3.5121485493304228
2, 1.5087127928780142
3, 2.159445087048223
1, 1.4628245922281955
1, 1.800715330146674
1, 1.3800450462466047
2, 2.9596007697861095
2, 2.5581205396924047
1, 1.238439051133428
1, 2.05983713660127
3, 3.404442652304969
1, 1.5531766333461046
1, 1.1549132986422386
1, 2.30825412759123
0, 0.33919527095619123
2, 2.1250990291903786
1, 1.207098260066493
2, 1.8422412534172647
1, 1.5847858232679433
4, 4.2834883126481555
0, 0.7038334715783401
3, 2.5958604004810044
2, 2.968800769036015
2, 2.810527922291829
1, 0.8910741959523458
1, 1.8254699517118878
3, 2.90799694477223
4, 2.9915787494915227
3, 3.5917661087989567
2, 2.620159462256369
0, 0.679347382270959
2, 1.6281976116007328
2, 2.142090875767523
3, 2.831349050137271
0, 0.6846573501170453
3, 3.3807644042462264
6, 4.696438723598779
1, 1.9942291341905614
2, 1.3839151279134516
1, 0.8385641555373179
0, 1.5694333448604576
2, 2.379479531958215
0, 0.848421846548313
1, 1.4065845281991165
1, 2.165249433514837
2, 2.4582452873953793
0, 0.7860261800714989
0, 0.564441439378173
1, 1.8801837007357756
4, 4.324831502594201
0, 1.9431664836348674
1, 1.9715361775404785
0, 0.7397869490699773
1, 1.8488119667505216
1, 2.058160103525472
2, 2.1586304015902873
3, 2.9959925477978064
1, 1.8741127195628688
1, 1.0492873621179322
0, 1.1508452950417736
0, 1.4317645556236764
1, 1.7768789973199466
0, 0.4391390066660051
1, 1.409585893686101
3, 2.8606965358270178
1, 0.8375802635688565
3, 2.8695399851144416
1, 1.6529070476487013
3, 2.7089924786170374
2, 2.312921954499525
1, 2.510535155100331
0, 0.7251266774073899
1, 0.8105916257715139
1, 1.3536734373357804
1, 1.5625639185030893
1, 1.9293296948431709
3, 2.805732379827098
0, 0.2709675680698546
1, 2.1960316352224503
4, 3.5569375985952267
2, 1.5320475179239306
0, 0.7235202311841944
4, 3.0248415111420304
1, 1.8116326924677628
3, 2.3305014325233016
3, 2.524753072986977
0, 0.27761259757700557
1, 1.6648819672058741
1, 1.641497435962096
0, 0.7412480096628328
1, 1.7625998585568803
1, 1.805592778092151
1, 1.1115611583218084
0, 0.2870272208498088
0, 1.0404664503170586
0, 0.700454136106975
4, 3.534084688366722
1, 2.6829322765514485
1, 2.0138490014796417
2, 2.1164896818588415
1, 0.88267277338499
0, 0.41475860535749703
1, 1.124736818579377
2, 2.213807953329277
1, 1.425445338000651
1, 1.5771478400017185
0, 0.8111723517954574
0, 1.1436082525290767
4, 2.7628048902500684
0, 1.5134776057730537
0, 0.6782691921658133
1, 2.2223450898291057
2, 1.4023378239959394
1, 0.5589690986935206
3, 3.48303225788625
2, 1.8022908400645588
1, 0.47933770107496076
1, 0.8323382865201558
1, 1.7173963999933444
4, 3.480221545053294
3, 2.5626282867147694
1, 0.911112641001143
2, 1.7280567403253284
2, 1.7698377183250231
1, 1.2005424226417858
2, 2.0624170952992635
2, 2.736153786503549
2, 2.1502494189014767
3, 2.1642391902321365
0, 0.7597292458385656
0, 0.31386477469650675
2, 1.8055239009437483
1, 1.439087622734393
3, 2.0285976264124774
2, 1.77176095691994
2, 1.7290838224110814
3, 2.445042857191288
1, 1.9963949326503574
0, 1.1236796760330354
1, 1.6239932858533082
2, 2.762652061557349
1, 1.0527370825473858
1, 1.6463387934133296
2, 1.9094687898477045
3, 2.5938129044173746
0, 0.7316852704212983
1, 1.0902210381616806
1, 1.9404864048751893
2, 2.5465835322048953
1, 1.3400067433407497
5, 5.100586080092838
1, 1.161061314933246
2, 1.6210715418337416
2, 1.8238329005501097
0, 1.7272530313425438
4, 3.443911369021682
6, 3.547463581165234
3, 2.4496987723777317
1, 2.383664507835186
1, 1.3803384389136921
1, 1.526545351348258
0, 1.1423375730166379
3, 2.690626010583438
0, 0.513325900728477
0, 0.7221661225784897
1, 1.5114777700179391
2, 2.1406230016512358
1, 0.88668543085935
1, 2.4212623135541973
2, 2.092459974038317
2, 1.9557233163615761
0, 1.3244197934064703
1, 1.3733869669184278
1, 1.0521773410647064
1, 1.9114005449273705
1, 1.7092135187975674
1, 1.0204519756171875
1, 1.5084406160500403
2, 2.1671353954117327
2, 1.26835833816159
1, 1.0191331467898923
2, 2.2214895984653036
1, 1.8685464522467157
0, 0.3964791378542655
2, 3.5037580646708713
1, 1.5636335769967795
4, 3.7254891363128233
2, 1.964738347881162
0, 1.8719510707535105
1, 2.553873110332866
0, 0.364186903848258
0, 1.0563942823087635
1, 1.2221003043699914
3, 2.6632463505620794
3, 3.0859295454288693
0, 0.6646144680311032
1, 1.113538808951023
1, 2.538685942943473
1, 1.4601103528102934
3, 2.1328963625839044
0, 0.663938989254863
2, 2.0887418143394414
4, 2.923091863872217
2, 1.7878406873428114
2, 1.6787560043769547
3, 2.9911392119921296
4, 3.2415373546475963
2, 2.973251024522861
3, 2.2437186647722354
2, 1.4200667913325282
2, 2.285344915252961
0, 0.7218675945799045
2, 2.308199156871669
2, 2.2906234038523903
3, 2.245277983508919
2, 1.76001011555375
2, 1.8166124774543895
4, 2.8769966946515306
2, 2.845638168253561
2, 2.8657838231908532
5, 4.7527688890735496
1, 1.1513939952006353
5, 4.425276074652625
2, 1.7417917890549477
3, 3.3875565871447075
0, 0.7790957164729663
6, 5.774402381993956
0, 0.7507950001481618
2, 1.4526932446844056
2, 2.4913680834758134
0, 0.6663418206476188
1, 1.1985952529033201
1, 1.7473094343356206
1, 1.6532083409968266
2, 1.5999753462805362
3, 2.62527964406209
1, 1.680104131481765
1, 1.7342335066637429
2, 2.329424831446886
1, 0.9464685759331458
1, 0.9951177060724206
2, 2.9774515306869
2, 1.8494859362639908
1, 1.1673712400295333
1, 1.9103148761012714
2, 1.7920211524310412
1, 1.1946437436033037
3, 3.504167694055093
0, 0.6172605212219824
3, 3.183243962950386
6, 4.514305778976346
0, 0.3181143184842631
3, 3.9273535598591205
2, 2.2498905336771213
2, 2.783257215754748
0, 0.6797214401618991
3, 2.643776639281264
0, 0.8345149923081148
0, 1.0076583957053007
1, 1.4536282783229868
1, 1.6446917166119819
3, 3.3203407381854793
1, 0.9756811624907276
5, 4.265061485374752
0, 0.4264679680963676
1, 1.9197976506137229
3, 3.3263678617866943
0, 0.2526176285761715
3, 1.6142432753651603
2, 1.7340565371333128
1, 1.674509598461421
0, 0.872624815325499
1, 1.341740601938131
4, 4.103660413231391
2, 2.4387583650462226
2, 3.020459814030441
2, 2.129787169025713
2, 2.5994247306157514
1, 1.5763925913246148
3, 2.822703657536625
3, 2.2659600562249453
0, 1.5125887214168927
3, 3.0721154125129115
0, 0.5678773259839708
4, 3.5982161277957108
4, 3.386602292552011
1, 0.5913277910382976
2, 2.5408968626467403
3, 3.517340983259586
2, 1.9461135551694433
1, 1.6467438276295416
2, 2.7225453774917905
2, 1.7787090683152664
1, 1.920959006083575
1, 1.7719887371903458
2, 2.2310558359118167
4, 3.885031860126718
1, 1.806678158776193
0, 0.30690170925793725
1, 1.5040678181087292
2, 2.0980692618649237
1, 1.6294365629751697
3, 3.021122152994145
1, 1.8791462074790015
8, 6.786615805097366
5, 3.708926174112339
3, 1.9701216859293702
4, 4.226150448990447
0, 0.7158498053427935
0, 0.6020260204778042
0, 0.7798400864689927
2, 2.6540859823772114
2, 1.8224855763539805
1, 1.6404489576649233
2, 1.5862432156357298
1, 1.028631927016494
0, 0.5068187331240928
1, 0.6620898657096086
0, 1.5968025192736102
1, 1.2673297683942935
2, 1.7849787444464937
0, 1.3159299584556432
2, 1.1885668733926815
0, 1.900117040258022
3, 2.380620385058612
3, 3.1697762467531274
2, 2.4634524590601377
0, 1.0784010630820866
0, 0.9991927623420191
1, 1.0685627638094828
2, 2.1585692058599375
4, 3.3162244186856333
2, 2.777655700877467
1, 0.9334313728509177
0, 1.3157577181919564
1, 1.6460422282495224
1, 1.209604083339449
0, 0.5479216645602786
5, 2.89735983675084
0, 0.39830491445887717
3, 3.2354120372235387
1, 0.7908063542790168
2, 2.7829308949144123
0, 0.8020283778752701
4, 3.360695310885197
0, 2.142459894469241
1, 1.4923181543189645
1, 1.3464423917987052
3, 2.5531277245469037
1, 1.237219800986313
0, 1.0562465559858085
1, 1.5884140111291083
1, 1.4905817952923002
1, 1.541024247130721
1, 1.8618160967720456
0, 0.9428923627943437
1, 1.26719849591093
3, 3.4615232630140462
1, 1.1978376000949653
0, 0.8666487832689913
0, 1.1400589441030096
5, 3.439048929529719
2, 1.8291526071664272
1, 1.2333060120771293
3, 3.8774268187539644
0, 0.9880127623853234
2, 2.8743239752703817
3, 2.994819186777108
2, 3.121902104167757
2, 3.1689720852447096
2, 1.6472503618657357
0, 0.6584777937920052
1, 1.4747169169892802
4, 3.3208618047172456
3, 3.3477584830398364
2, 1.5813114015737262
0, 0.4193807479708766
1, 2.3615388743920445
8, 5.734549570183149
3, 2.9483687223292336
0, 1.0234377433652577
1, 0.9151712285640401
3, 2.928099088448906
1, 1.3884842654210048
0, 0.7946293337104524
4, 2.9030860465474766
2, 3.3672669812440086
1, 1.9614482026707558
4, 3.593746696447378
0, 0.10066096010013648
0, 0.6629870639929867
0, 0.5500780589965323
3, 2.921327446901285
0, 1.2933674491458604
3, 2.0686329969242117
2, 1.9731178392217403
3, 2.8331278398504516
1, 0.9971557110341187
2, 2.2058130914403042
2, 2.4300056793094744
2, 3.5609273926213105
1, 1.0310787638532541
2, 2.560122962300102
2, 2.0020220141369593
0, 0.8767526208908393
1, 1.1896267282175441
2, 1.302918652670715
4, 3.5627126114979584
1, 0.959934528525545
3, 3.1219463531724543
2, 2.0702998409775737
0, 0.5411373862568504
1, 1.4817164413441397
2, 2.046224025192753
1, 0.9955777712987773
0, 0.693343333238755
3, 2.660483360150382
1, 0.9567537199001895
2, 2.3914229220970378
4, 2.859962873496476
1, 1.4364893994901926
2, 2.082675670905356
2, 2.6488992117477195
0, 1.762891631725898
2, 1.9544228662098213
4, 3.868518131262433
3, 2.4233319769222597
1, 1.6210642677064868
1, 2.7219372831316586
2, 2.0106933643563276
1, 1.3170653954399303
1, 1.9158791752575492
1, 1.5039922036601048
0, 0.8869378708309797
2, 2.42409278336756
3, 2.9281884105984326
3, 2.6684058496756546
2, 3.199971577160952
1, 1.4149626216923774
3, 2.3490292515801636
2, 2.5768050495964876
2, 1.860539655981274
2, 1.4940121757236429
1, 2.268885725571906
0, 1.5928082465912035
4, 3.268783676626937
0, 0.43407279555868145
1, 0.7606250209891875
1, 1.24916049041388
2, 2.266169830513349
0, 0.6228670489136693
2, 2.051831418581278
1, 1.2656694784756959
2, 1.5985911860028374
2, 2.7146289268962915
2, 1.7303562975708475
1, 1.4584641599441477
0, 1.084919182078793
3, 4.097444645817041
3, 3.984195141471216
0, 0.8820314055586796
0, 0.5303450599284458
3, 3.179239896618656
2, 2.800743729027905
2, 1.8693955523701458
2, 1.7948208130969823
3, 2.4119426657180556
1, 0.9399799821360829
1, 2.335595911531013
1, 1.366303758197597
3, 3.975588756696052
2, 2.071667033946182
1, 0.7909598366316134
4, 3.637267389949543
1, 1.6791341812460752
3, 3.26262079807206
0, 0.539475700793183
1, 1.8493014418186027
2, 1.7927848578670296
0, 1.5987485006269788
6, 5.405257293248581
3, 2.325340742391057
2, 1.9438537900649924
2, 2.6902686251174313
0, 0.29107273319048144
2, 2.295638788249234
2, 2.1103205080163474
2, 1.2578742075848584
2, 1.7858250768573123
3, 2.909931295088877
2, 1.833380077784854
1, 1.2266423522447243
0, 0.6054040041608337
2, 2.023804339044159
1, 2.2383112915437886
8, 6.690690753113301
0, 0.4452321335071816
3, 3.3073575845697962
3, 3.3870666963321416
2, 2.7796636908808545
0, 0.31343418485401137
1, 1.3641100443300833
1, 1.2456789174580538
2, 2.2329196386526635
1, 1.4307801342416655
2, 2.3716300109512933
1, 0.8861846589731812
0, 0.4946396073018705
1, 1.2376078579579628
1, 2.2552435209706276
1, 1.103145644514549
0, 0.10926201464495723
2, 1.6551158702504212
2, 1.3678879296741018
2, 3.2102959257077965
0, 1.1339527291452935
2, 1.6041195881480517
0, 1.2134896993360063
0, 0.5269056353268887
0, 0.5759506891770015
1, 2.1379762900235666
0, 0.893622561951925
0, 1.3364119814305586
1, 1.5059350101955127
0, 1.3262222920754394
1, 1.9884929580763915
1, 0.8751097423904814
2, 1.9419365205366008
0, 0.3763692648661404
1, 1.0119824143053848
1, 1.2534019679985753
0, 0.19651343902716187
2, 1.3765387547846328
0, 0.3412780778317506
2, 2.1194322838433624
4, 3.473138352333604
1, 1.7308801737008193
0, 0.6223720567676658
3, 1.4475772316962647
0, 1.7093191995615742
2, 2.1779063152843796
2, 2.150084457257957
3, 2.93596804741719
2, 2.1727842937845776
1, 2.12769605046916
3, 3.3856513273389193
1, 1.1335610471614397
5, 3.04939470022035
2, 2.479934084296469
3, 2.552405920605184
2, 2.24232597675879
2, 1.848388989060164
1, 1.6439715675971676
3, 3.191943142345305
2, 2.5328326480026475
0, 1.6077447863234922
3, 2.464935824639096
2, 1.3395144555222331
2, 2.5859462350766758
2, 4.04407135483067
4, 3.2884408008331754
1, 1.5079645795631178
1, 1.2373685821299283
1, 1.5105793452517546
1, 1.670926273947579
1, 2.0692428081901637
2, 1.8883483635954843
0, 0.9511676840980268
1, 1.1507021011312535
3, 2.6516949103361624
2, 1.780097913788403
1, 1.5123800412614397
2, 1.8292443684523043
3, 2.458271568219119
1, 1.168600044607629
1, 1.919766489638466
3, 2.5089076752319404
2, 2.2361807787411268
0, 1.2227023802247203
2, 2.7953465612766983
2, 1.790064959720304
3, 3.749034573027544
0, 0.34227130288117374
0, 0.567090367902922
2, 1.9879472735483679
2, 2.0672636728943696
3, 2.1882664331068695
0, 0.3763144247522978
1, 1.187278769423642
1, 1.3243683278580811
2, 2.315235667860929
3, 3.6100965749869434
0, 0.9929189856973616
1, 1.2672723301436306
1, 1.7780181682449934
3, 2.4453866571260074
1, 1.2366370604398922
3, 2.9943765137613245
1, 2.248705097071202
0, 0.7083404941552985
1, 1.1444257621000604
0, 0.7784630525477053
4, 3.0555079828922724
3, 2.5258805228318435
1, 0.8019181127568689
2, 2.2562495864862817
2, 1.9422603093215653
0, 1.132268547127558
0, 1.4753989960926372
1, 1.6525869405133935
0, 0.5653957348155887
1, 0.9093358979763116
1, 1.237943359706767
3, 2.2360954033364586
1, 1.8456181093439648
2, 2.5497476563936745
3, 2.5615037163228975
4, 3.9771181705186693
3, 2.7481030747309028
3, 2.456198018975302
1, 1.3587801162482056
3, 3.526716207359094
2, 2.885013354638811
3, 2.0853697693645503
2, 1.4972920058115644
1, 1.3698819597848766
1, 0.9852807553803682
1, 1.5613623781662251
2, 2.9879525023538314
0, 1.5698707765690898
1, 1.0209873683662816
1, 2.4544947462067936
0, 0.8318463337281334
2, 2.0352341281909214
2, 1.82630669497974
1, 2.2881230878896637
2, 2.322017240167558
3, 2.8477565917374634
1, 2.1787226582881125
1, 1.5799533341256344
1, 1.6452445783570608
0, 0.6815819365722626
1, 1.5369575152944994
4, 2.8818313207082324
2, 2.4778419589946092
1, 1.4991907272843488
2, 1.2471593094029718
1, 1.0815208937456733
2, 2.533082301048372
2, 2.627249353913071
0, 0.31245821014820424
2, 2.5420931922573806
1, 1.5085302835855376
0, 0.3726110764454811
1, 0.9917715022625343
1, 1.9425762107661921
3, 2.626843722543661
3, 3.672479363310528
5, 4.685813064071968
3, 2.9579847390520846
3, 1.7695046309325373
1, 1.0968082336828258
1, 2.202374578586802
3, 3.3067453576648065
0, 1.1771413926539596
2, 1.787301633749138
1, 0.9194874120326331
1, 1.3387758654692603
1, 1.6666835000812823
2, 2.3469521882102313
3, 2.6731768938236944
1, 1.4880177210573522
2, 2.59495131905976
1, 1.9063083114329535
2, 2.0052337489627887
3, 3.3809867776883022
1, 0.6953589455045397
1, 1.6442314735714916
1, 2.4259069876235264
1, 0.8806409101223456
1, 0.9196639138696716
2, 2.620653589110752
1, 1.0554860059094484
1, 1.6374124567008406
0, 0.2306965384401399
1, 2.1807086701365
1, 1.131675993879183
1, 0.7599506447544945
1, 1.3691255308718202
2, 3.146502691174161
2, 1.923117926028081
5, 4.417863746097017
2, 1.5684903450296885
0, 0.7243721681804027
3, 3.870780542077322
1, 0.47613901214623366
2, 3.2887047204449216
1, 0.8796475726306666
0, 0.2525913603583171
1, 1.7288325297318028
1, 1.5500101691748365
2, 1.9845500121826218
5, 3.39930802236431
4, 3.957184074389035
5, 4.672749089233319
2, 2.2506046494585017
1, 0.8722771603819489
0, 0.5257734824062383
2, 2.0206121836862017
0, 1.196842449796759
1, 1.2975256811067517
3, 2.883592149635735
2, 1.8967715449772555
2, 1.5754785439519439
3, 2.218953885680987
2, 2.8971048849869585
0, 0.8704044986165747
0, 1.1781376035926399
1, 1.7690764770139806
2, 1.0792213292904236
1, 2.136928100561616
1, 0.8707735926254562
0, 0.7042473430738562
1, 0.961922180437378
0, 0.8815681079576192
2, 1.808143857771598
2, 2.196543405698011
1, 1.5696029334718617
4, 3.2417809458305227
3, 2.6206927467701897
0, 1.2875625530850519
2, 2.2792876193192475
0, 0.43690582134861455
1, 1.2439993648840137
3, 2.731863819333212
2, 2.6154976746105305
2, 2.4905422798649166
3, 2.9151861619714836
1, 0.9929579283651556
1, 1.6629908913810882
1, 0.6367813700288198
0, 0.5561723987693837
3, 3.085850549063738
0, 1.3001390794268692
0, 0.3103426277323736
1, 2.5584513843259873
3, 2.160034740254919
2, 2.2412711901931104
2, 2.0265044724497305
1, 1.2732998626356082
0, 0.7362790057996851
1, 1.6891821729948446
3, 2.1374766452504503
3, 3.7166112802715845
1, 1.202862848204244
1, 2.5499838982308476
4, 3.940209401145805
4, 4.014161219428809
2, 1.8309331149137367
1, 1.4235177703242607
3, 2.729970253530724
0, 0.9721506885843143
3, 2.189585530176501
2, 1.7233865584897377
2, 2.234712822970707
1, 1.0668073958368198
3, 3.588780486633358
2, 1.4588487990179602
1, 1.0947373370849967
0, 1.2715794792905237
2, 2.029636722550093
3, 2.842313815968461
0, 0.740947156117959
0, 0.44030848972585096
1, 0.7265454526528731
0, 1.4514702186595303
2, 2.1462849484101345
3, 2.260566502232821
0, 0.14057323240190672
5, 3.6764942954961297
4, 3.2485637927688105
1, 1.2918736219342895
1, 1.651724069667341
1, 0.6912429208679237
1, 1.1935562071174426
3, 3.5917242370191507
2, 2.314585398261979
1, 1.4381808494108146
0, 0.6621215395269278
0, 0.7796963945975447
1, 1.4185900158134774
2, 1.7504672786632487
1, 1.2496313627740074
2, 1.93275344771244
1, 1.5104969895176683
3, 3.2063636022588353
3, 3.424968038585754
5, 3.3084277146231367
2, 2.3381289649763435
2, 1.514464303933464
5, 3.861548208358637
1, 1.6658502274622782
2, 2.3973898977769363
5, 4.246546788843181
4, 3.7518204235653663
2, 2.0410113535334795
3, 4.027424556141244
4, 4.105350158243091
1, 1.4382165586358946
1, 1.76480651888776
2, 1.4975923839322434
1, 1.7924868599404724
0, 0.9644579934338932
1, 1.3188357569412474
7, 5.4779632854565214
0, 0.6317956503757601
1, 1.5209177668609057
1, 1.7445447776042755
4, 4.898006970865268
3, 2.386494037622934
1, 1.1059707449863099
4, 3.267501743141349
2, 2.428454654365224
3, 3.0274807699082973
0, 1.9848522349291884
1, 1.797273234554292
2, 1.646361746686336
1, 1.309753400376215
1, 2.160603547090069
3, 2.4951918386159178
2, 2.3746855882487914
0, 1.022051881326179
1, 2.399237370019252
2, 1.7023830396511572
2, 2.2473367930116686
1, 1.2307519967172773
4, 3.6717612097546692
1, 1.0847332353538028
4, 4.329651507201144
2, 1.957611344169156
3, 3.0592902994453732
2, 2.6077202082597073
1, 1.5861270321442609
2, 1.9523258999795632
1, 0.7120814628462283
0, 0.6345825847916994
2, 2.5138721534190274
1, 2.0949821422774364
3, 3.581929604331457
6, 5.672007504935411
2, 2.708465984285326
0, 0.5762375185586063
2, 1.9698258621565599
1, 2.3900253072159434
1, 2.7955458788449548
0, 0.6397622387833176
1, 1.0834748266179188
2, 2.43245630959746
2, 2.3277738890193165
1, 1.0963659705483833
0, 1.576777113204921
2, 2.9422278065804948
2, 2.3557084876105416
4, 3.1688677390701323
3, 1.9278760160929265
0, 0.35432359366058613
4, 3.7983966661175685
0, 2.0261697662385663
3, 2.514455211902732
1, 1.9188599177624805
1, 0.9466804819668163
1, 0.9534315625657673
0, 0.5818736387191886
2, 2.4734713451222814
1, 1.2106948114856124
2, 2.228807216220826
1, 1.8654579723829268
5, 5.245639994498634
0, 1.03489294061523
3, 2.8580630812636985
5, 5.321652005293414
2, 2.40475561532896
3, 2.04389031266923
4, 4.0379264580003715
2, 1.7112832372205402
1, 1.3715803458644154
2, 2.5349032430987015
3, 2.0388432458311727
2, 2.4489501517375922
6, 5.2087941592616716
1, 1.0710919368966698
6, 4.971800313641395
1, 1.3932899653553057
0, 0.9554630306263807
3, 4.501347127378873
1, 1.3100384513307286
0, 1.037010155540852
1, 1.6899922121539486
1, 0.9448409361468534
2, 2.009739643944901
1, 1.7092209070700037
2, 2.4927350232585392
3, 2.9061690984232835
1, 1.777451602003503
1, 0.7587878558115075
3, 2.2159393898931814
2, 1.6662418331745061
1, 0.9228240254513217
1, 1.9381105899673263
4, 3.1686277344348053
2, 2.3270559423239856
3, 1.748680626351297
5, 4.096944899977177
1, 0.8352498043318778
2, 2.6932412096466676
1, 1.475024369413942
1, 1.0158845594966206
2, 2.4278408532250126
1, 1.5742983674487163
1, 2.14564885199776
2, 2.4094037407507805
1, 1.1217126715281913
0, 0.47119389888998137
1, 2.3005113141434306
1, 1.150781329711284
1, 1.7713915316776658
2, 1.6111671849879303
2, 1.9208362842244642
1, 2.2435719818898177
3, 2.5070958570172506
3, 2.299186615911469
2, 2.141916389691548
2, 1.3974474204570828
4, 4.068776605479094
0, 0.737847405635654
2, 1.9739098461864804
0, 0.8589968803357145
1, 0.9464617077177866
3, 2.374384956717735
2, 1.880898158714513
1, 1.7027512980892778
2, 2.0022551204112804
1, 1.4405163412255948
1, 1.5900635543877697
1, 2.110630037000838
2, 2.2596044500364365
1, 0.8438030331471754
2, 1.8495139604649966
6, 5.581722479657326
0, 1.2857017455430226
2, 2.4130491973357673
1, 1.8774302032886063
0, 1.1846342657469406
4, 3.084864243852076
3, 2.8839649997003955
3, 3.1035283457288227
2, 1.9652317174415492
1, 1.5469711338215826
0, 1.998867635915995
3, 2.468037363076959
2, 1.7171295942240037
2, 2.8374383809984516
0, 0.9704641994166949
0, 0.21042552341038437
1, 1.5984901583048448
1, 1.3100029126765393
1, 1.103114565444897
1, 1.6577637516683856
3, 2.956382923336451
1, 1.3109496333642179
0, 0.5683441532173131
1, 1.4854840217756156
3, 3.6949038239790717
1, 2.502555161704964
2, 1.5386824202954534
0, 0.9154807985549054
0, 1.048355225221223
1, 1.2177625355572896
1, 1.366554787591509
3, 3.944625097892433
3, 3.2913669707065902
5, 4.041298982409499
2, 2.884974435445175
0, 0.3524056801396078
2, 1.7573025470723955
4, 3.42559909253237
4, 3.207126847441009
2, 1.5399495293072463
2, 4.084858258937497
1, 1.1265706557341948
0, 0.9275426395044043
2, 2.658491432769219
1, 1.649446155832446
1, 1.3167870923302871
0, 0.4887189679849592
4, 3.4637394929409933
0, 0.5328887087743017
2, 2.0405200708882187
4, 3.060800797481865
3, 3.1693199186463867
0, 0.5980252537610676
0, 1.1430435420481466
0, 1.1155323938093842
2, 3.299115924922795
2, 1.6959640137135352
1, 0.6152449889245487
0, 0.27373483847485847
0, 0.8079204756594003
1, 1.1855839696303685
3, 3.2216590471297146
0, 0.5264696734926264
0, 0.5691930507393459
1, 1.1386298637447687
1, 1.4158164888966431
2, 1.4413499465293165
1, 0.9235483613745135
3, 3.2423892099023486
2, 2.272518466234865
2, 1.9961504733894768
1, 0.978906663869168
2, 2.0219825732625765
6, 5.6030313158797505
0, 1.606089155400287
1, 1.087460270629032
2, 1.9085757232316645
4, 3.197410562885389
0, 0.22547967851571643
3, 3.023723539361187
1, 1.8218461139834894
1, 1.0040588691560508
0, 1.082137807583562
0, 0.9770538777563722
0, 0.5649150984875172
1, 1.9951326214492322
2, 1.8210608799284909
1, 1.0773619250448263
4, 3.086282707441192
1, 1.298014725838954
1, 1.0978005052392608
2, 2.454726614895384
1, 1.139884739820422
0, 0.582492975730737
0, 0.586007677840723
3, 3.063210270628556
4, 2.5984416726516497
0, 0.3284760190105383
2, 1.7158311179777568
2, 2.5385752259980237
5, 3.3637144246153894
3, 2.737153329829567
2, 1.9675870286300854
1, 1.6927892047419573
3, 3.2950340147673858
1, 1.293801151478769
1, 1.7288213556747385
1, 1.6951836685149835
2, 1.5635794583746432
0, 0.5953427253033361
2, 1.623530802902637
1, 1.4709140433731485
2, 3.2335267378192962
1, 0.9135587380704477
1, 1.3708337467671536
3, 3.3115219578578006
2, 2.3990194188673613
1, 0.7689669957564405
0, 0.7174122249336654
1, 1.7000963647799594
0, 0.26496929688125925
2, 1.7522197187196613
0, 0.5958559066677829
1, 1.7880154166581201
3, 3.120148848270334
1, 2.197286319393345
2, 1.979568064198761
0, 0.8221170346519735
1, 1.4434481339526373
2, 2.0450028763169805
1, 2.305131268996807
0, 1.6960224146177183
1, 1.6527883778314156
4, 3.114280900601655
1, 2.344739261912645
0, 1.4959155607640116
2, 3.116998905519339
3, 3.038754484213216
2, 1.6367169327008106
3, 3.6980668782658253
0, 1.0865659956712512
3, 2.9541538739194926
0, 0.9967758730003232
3, 2.172135191949358
0, 0.2281016868294769
2, 2.3245937252552227
1, 1.4543024476419817
2, 1.6055714639471717
1, 1.7049782301956635
2, 1.827469908465231
2, 2.579435715829759
2, 1.9894988055439635
1, 1.2497421577704646
0, 0.8538563374365389
0, 0.31333867137609783
1, 1.1119614697443672
2, 1.893806473033679
2, 1.287123253755162
4, 2.835139126612658
1, 1.1570243835822998
1, 0.6057609159748978
3, 2.4211122455045797
1, 1.2203598876158621
0, 0.6495282547186921
0, 1.222968644231819
1, 1.754204399726045
3, 2.5647903711894586
1, 1.582134493944458
0, 0.7983288976954587
0, 0.7774440751948247
1, 1.3694308180572217
0, 0.6277818418100778
0, 0.7333872778676992
2, 2.6148803755991463
0, 0.6198333022612739
2, 2.7134222589243806
3, 2.6466719215728243
1, 1.8192877818009647
2, 1.344591833302903
2, 1.7377356307765708
3, 3.1383739951476177
0, 1.1591864880497393
3, 2.280878575796197
2, 2.9878451647454383
3, 3.3542212969100427
0, 1.9568773199429932
3, 2.5117917998065593
0, 0.9010114625798138
3, 2.6290662772811966
2, 1.9906532388874765
0, 0.9934735324706543
2, 1.8871987229543672
0, 1.5475841746720103
1, 1.1523322283926125
4, 2.780237680637225
2, 2.6097690765036288
3, 2.4070621285310074
2, 1.6685417021487914
0, 1.1316254418103684
2, 3.4332928932790012
3, 3.6566546989174795
4, 3.010872292901411
1, 3.564053185796704
3, 2.8679180756096145
0, 0.8994738245684001
2, 1.3213047701756186
2, 1.7651921523024228
1, 1.2352640951775669
1, 1.1930255847547693
4, 3.6723231662807834
1, 1.055674529674975
3, 3.197409686604233
0, 1.1074369039366336
0, 0.640006221558814
2, 1.6773852046882272
2, 2.3898339955255703
0, 0.8263536195577241
1, 0.9739720001082981
3, 2.4180131349866145
3, 2.593593682416251
1, 0.8422574824985626
1, 1.925861450381138
0, 0.905489786335266
1, 1.244830599472382
1, 1.3679489527095934
1, 0.594046037131032
0, 0.5661533769517925
1, 1.2651408237912563
1, 1.0283511052817333
3, 3.2935860291363928
1, 0.7267408980641065
1, 1.648802433601865
1, 1.5011631687988944
1, 1.3402979077328712
1, 1.2123725101169922
5, 3.3125336699200156
2, 1.69988786678388
1, 1.1868495291976278
3, 3.230406140875793
1, 1.8022412966165264
0, 0.05916075584754972
1, 1.3880001983882106
1, 1.2518677828973739
0, 0.881940169660689
0, 0.5302532127423155
1, 1.3970174504045334
1, 1.1452585860256332
3, 4.310392110424576
3, 1.5184326926598195
1, 1.550883108873083
2, 2.4629270383615163
2, 1.9716262026931228
2, 2.465388722071887
1, 0.9977974315014108
2, 1.5028471241479247
0, 1.2791886418875629
1, 1.7512108894047402
3, 2.702673716622016
1, 2.2532076072647653
3, 2.44869839021639
2, 2.345950266360113
0, 1.0560524664834086
1, 0.7388067345621198
0, 0.7870560277897909
4, 2.572889199743441
2, 2.0499393789878013
2, 2.6161854118221486
1, 2.0927311867993237
1, 1.7301224219821691
4, 2.8912789928448426
1, 1.071382270770178
2, 1.8661689682294842
0, 1.386121552480621
0, 1.1472823152488159
2, 2.578647212335478
1, 0.7677110646483749
3, 2.6133227468251006
3, 3.0714687688652087
0, 1.2768890634790309
0, 1.312781197668865
2, 1.7417986868165152
2, 2.050172023589767
4, 2.5303755080931802
0, 0.5979274724673006
1, 0.6492892259079498
3, 2.3862936017557415
3, 3.3290755290649328
0, 0.47386865314582094
1, 2.123286134892089
2, 2.6934721683080696
1, 1.4441204242173977
2, 2.5138928946045516
1, 2.413853574008839
1, 1.9594190021319005
0, 0.792057298736426
1, 0.8905754258615404
1, 1.7938684173043429
2, 1.25749300295674
1, 1.138988328939212
0, 0.522793374172969
2, 1.9062829329878166
2, 1.9597723598081056
0, 0.4257307319435473
0, 0.013333145564425133
1, 2.5892996764940337
3, 2.939377335236593
3, 2.352334454592496
1, 1.5517068205857323
2, 1.7281720105243927
1, 0.8847697875382058
5, 3.2916176190698434
0, 0.942206202259424
0, 0.7765886417509158
0, 0.44975007819033075
0, 0.961359847592543
3, 2.2242700065052103
2, 2.257140991827857
3, 1.5309940522655388
2, 3.106463900441707
1, 1.0645607302144904
2, 1.8079485232056476
1, 2.133931527128369
0, 1.0483698957098202
3, 2.831595506816704
2, 1.1299811814186822
0, 0.8141596532805488
1, 0.809376054414665
0, 1.1838487595381604
3, 2.014746339737409
0, 0.8867119048516876
1, 2.1366023859995136
3, 2.5254164182165777
0, 0.5478778064781965
2, 2.204704117796718
0, 0.9611777130024839
2, 2.402947519051177
0, 0.5818869962683939
2, 1.2492144852834033
2, 1.9357447500670677
0, 0.7587422155785163
1, 1.1893605043813051
1, 0.8367176697122627
0, 0.1414891564870523
0, 0.4488577495894552
0, 0.8621463919785758
3, 2.711640823166842
1, 1.3676577387573434
2, 2.5797336033877953
0, 1.0058543552531412
1, 1.4090211416610225
2, 1.9622630753176074
0, 1.0540989083696843
5, 4.188940404244584
1, 1.2376186188598408
0, 0.5689230812618123
6, 5.77384375607163
0, 0.47732023498948356
1, 1.4127358144610709
4, 3.876302520966966
2, 2.502778009730553
5, 3.9290285467638966
2, 1.4198898824265083
2, 1.8172175555985832
1, 1.3554540843249487
0, 0.8355068502828078
2, 2.31088374730957
5, 4.174483326046989
3, 2.89080462266755
3, 3.0767827375178953
1, 1.341149616590282
2, 2.493846895971853
2, 2.085076487183157
2, 2.423204611196709
1, 1.556597626110327
0, 0.6444205106746388
1, 1.3629005111734664
1, 1.6911808237628172
2, 2.201096491396972
1, 1.6960125782557314
2, 1.7050603239093192
1, 2.0475000774042207
2, 2.7062684998053594
2, 1.7892746762245482
1, 1.5600076782574064
5, 5.335537047227056
2, 2.3298933264691764
0, 1.6823609485404092
4, 2.645255835880033
1, 1.7747107064752092
1, 1.3339743889866238
4, 3.4103361958842906
0, 0.6204079706425374
1, 2.113381332415865
2, 2.5413702247532206
0, 1.1457913475348978
1, 1.932509022002285
2, 2.632497595355347
1, 1.6323459349423062
0, 0.880510321343169
1, 2.1755674925948334
1, 1.1934908209694473
1, 1.4570943315787845
3, 2.009728647457917
3, 2.5696977533960648
0, 1.197477692861286
0, 0.314898998619527
3, 2.3497555900001585
1, 2.0344251178984187
0, 1.3099926080713398
2, 1.4761431035584642
1, 1.7181176808704581
2, 2.264846861613179
2, 2.998500954219357
2, 1.352795190177298
1, 1.3740360084096395
4, 3.476678953363544
2, 1.819507788500141
0, 0.17250606103647487
2, 2.206888434838322
3, 3.561179323945085
2, 1.5655125145964848
3, 2.7208315822134557
3, 3.2849613109171045
2, 1.6297039754265628
1, 2.146737128036566
1, 1.5126947224043266
3, 2.9793546656446503
2, 2.4971490076915845
4, 4.308479264465645
2, 2.0211273903585814
1, 1.4247060307418884
4, 2.6939384057799187
2, 1.8438671599650156
2, 1.4611676070582278
1, 1.5674702886412575
2, 2.2530673657326283
0, 0.5170973869409722
0, 0.5142166512153022
0, 0.4848700221125467
1, 0.9082774970033416
1, 1.4383933951034282
2, 1.8952612894664678
0, 1.9719203895077806
1, 1.1732128031434597
3, 2.5941891836705673
0, 0.41866897266552283
1, 1.7380542984452494
3, 2.7036471568684273
2, 2.0780757261399803
2, 2.9257337101671386
3, 3.550228134584951
1, 1.7838076528744171
1, 1.3935366544093135
1, 0.7367649268098543
2, 2.5822929891622013
1, 1.7850561163658987
3, 2.122647180245267
3, 3.4559624575177423
1, 1.7610459102396445
2, 2.8190008686822967
0, 1.6500127483259637
1, 1.5017980187868165
3, 2.6912822607276645
1, 0.898891383037715
1, 1.3915890800803596
3, 2.8644023037646966
0, 1.173139719559872
2, 2.0556787880872873
1, 0.5617703566337446
0, 1.2408240395210453
0, 0.28834985237496175
2, 2.0861400762854827
3, 2.273588203480284
0, 0.39117289260529925
2, 2.4299606813383123
2, 1.6117867354773598
1, 1.9067273445260482
3, 2.2452707552707403
0, 0.9111135372471649
1, 0.8771186323751743
2, 2.261908189759645
0, 0.4272946957475267
2, 2.6510228822863544
3, 3.2849363634865187
0, 0.3629470258201519
1, 1.2563185455986283
1, 1.0296249379401938
0, 0.5411244234933039
4, 3.915097513250744
0, 0.41305854833877587
0, 1.5241692066381813
2, 2.1799903481160445
0, 0.5683407361672315
0, 1.5033292314053508
1, 1.987581826885017
1, 0.5265930104198953
0, 1.0175648040305796
3, 2.966881909646491
1, 1.3634960623340489
2, 2.8506433218154243
2, 1.6456680463193136
1, 1.547032942665763
3, 3.6121491533134056
2, 0.9198199937189117
3, 2.544533447033931
1, 1.5179263354589676
0, 1.3260348836407652
2, 3.051867233038768
1, 1.0991707993776094
0, 0.6247762643094713
1, 1.1538857818843498
3, 3.5541262834437397
0, 1.0341382743259333
0, 0.8964875408464298
0, 1.0175893031237169
1, 1.2422601605504755
0, 1.0850976416428055
0, 0.5437219892591035
3, 3.1231323319694293
2, 1.655938385592353
3, 2.4399024921509427
3, 2.1898364349794743
0, 0.6117590427106235
0, 0.4095885414308864
1, 1.8890144137223512
2, 2.036875539920928
2, 2.0739072695123437
1, 1.4855461948823163
0, 0.6003158614593026
2, 1.6588565827354957
0, 0.7917110390059866
2, 1.5634260551631716
0, 1.1093661259363041
1, 0.9852785161762566
1, 1.386630941509575
2, 1.3788734387176738
2, 2.105486857226009
0, 0.24084096004958794
0, 0.6169907874122353
1, 1.501020585196038
3, 2.9609728390077668
1, 1.3559722210935716
1, 1.2816406353752676
1, 1.6231040586619878
0, 0.4824847862855149
2, 2.9839430262305857
0, 0.22436646252555295
2, 2.7372516743146718
0, 1.041300968703346
1, 1.5782584235820583
3, 2.4754072140186114
1, 0.9687156964878506
0, 0.6566704928796622
3, 2.3758109752299577
1, 1.257650545286695
2, 2.2243124307933986
1, 1.8583294858595685
2, 1.802622265706335
1, 1.9029935129743993
2, 1.0424146382619361
0, 0.7072078179222475
3, 2.9268575106648878
1, 1.4838754029389778
1, 0.7302723608955412
1, 0.9415158399215466
2, 1.7921199293815753
3, 2.2751480928200385
1, 1.3316475712964757
2, 1.807866710909453
0, 0.4447262104475135
2, 1.5982047517123241
2, 1.6121441277932036
1, 1.5728369681252812
0, 0.627379963557627
1, 2.09665233007017
2, 1.8184883772941032
2, 1.56922283376151
4, 2.5014174484557175
1, 1.7523735985588673
2, 1.761168216968555
2, 2.40825074080577
1, 0.9162435962461979
0, 0.3418794940459923
1, 0.5322264264336735
1, 1.596176777520281
3, 2.3041909763773174
2, 2.598935132662933
1, 0.7021860660014155
1, 2.1570988268577187
6, 4.779838275775272
1, 1.487459900908798
2, 2.1396342199701355
1, 1.8654302332695583
0, 0.5654196339186963
0, 0.15527435011597593
2, 1.9520323663353205
2, 1.789827608575387
0, 1.1899453593782467
3, 2.8641407553049603
2, 2.4038703044354865
2, 1.597268714590465
2, 1.1099876437323875
4, 3.5614907371022895
1, 2.3824872549392726
1, 1.945274629653655
1, 1.7345076642120016
3, 3.295223965922648
2, 1.9727646964687588
1, 1.7030366274887552
1, 1.0642957763679837
3, 2.8894513039073764
0, 0.8250961402519715
2, 2.0450541875120662
0, 0.41342792003893863
3, 2.2679166410780125
2, 2.161646499010402
1, 1.3620020585144688
1, 0.9406194968398953
0, 0.7550963224325914
1, 0.7669717397349423
5, 4.002015827241613
2, 2.166856106334941
2, 2.884560224642934
3, 3.0758527419958916
1, 1.3461182921276238
3, 2.7555576033752343
0, 0.12240819885825419
1, 0.6828655833783285
4, 4.07034454500165
1, 1.6995873489168878
2, 2.48804297351712
3, 2.8412905356077776
2, 1.681359407401981
2, 2.119755702895462
1, 1.0225300693836554
0, 0.4668989641331672
3, 2.680660140151332
5, 3.2629490435810897
1, 1.7772455384051267
1, 1.1423944711710612
0, 0.4755153856347704
2, 2.836389781898609
4, 2.763720811011905
2, 1.502865864473327
1, 1.183579177462949
0, 0.9184843026122629
0, 0.2736626975632684
4, 3.3189870998465825
3, 3.6004362965115697
0, 0.22393768152591328
0, 1.177770905506122
1, 2.689547056197398
4, 3.165500607517253
1, 1.4634369802220974
0, 1.0270453853949923
2, 3.0962836779968232
0, 0.8702600968317312
4, 2.349551122590489
2, 2.7040733175943203
2, 2.067593664680405
1, 1.874570449803534
4, 3.354521875893518
1, 1.5926077004891155
0, 1.5116627153868183
2, 2.1425559178369022
1, 1.3486632168748593
1, 2.2886916924402394
0, 1.0033927176868662
2, 2.032582922968639
1, 1.378535657808768
2, 2.210242274941325
2, 1.8355946103546577
2, 1.8776957505417824
3, 2.630856540554747
2, 1.9764219148283515
2, 1.6220149037648337
4, 4.006379136456514
1, 1.2933268920295822
1, 1.3941498604649656
0, 0.9779797829076664
1, 0.9281126909003585
3, 3.031623609224268
0, 1.1218359179741682
0, 0.4668118164403766
0, 0.4752521310375216
4, 3.141562837048214
1, 1.4464713036546035
1, 1.5916227098461408
1, 1.747978054089228
1, 1.7220423337021098
3, 2.8099766759440774
5, 3.517372491729341
1, 1.4934912905319075
2, 1.4071777185097463
1, 1.4493069029259755
2, 1.4469378050284525
1, 1.5763050810512693
0, 1.1189907922831022
3, 2.8580658114404396
4, 3.6812643048983893
4, 3.455738858781248
0, 1.2959074465869285
1, 0.8778760698113731
0, 1.1078606062133878
2, 2.8706592899519787
1, 1.399516232783924
3, 2.5397290559441354
1, 2.183494415790362
2, 1.3881502318453594
1, 0.8686972233493819
2, 2.728354817908128
4, 3.396445974129845
0, 0.6496943865090642
2, 2.2661803509689653
2, 2.4926587132495173
2, 1.1310395399198927
2, 2.5798202641581374
1, 2.007049023082034
3, 3.467041282857944
2, 3.091336786532049
0, 0.4505073137457831
1, 2.0331092436404035
2, 2.116050699707255
3, 2.1127401049084673
1, 0.7683059751564234
4, 3.4473840160598765
2, 1.4602947600072975
1, 2.2138138086011088
1, 1.7802598147437725
4, 2.9837690332952653
2, 2.1926193061952555
0, 0.5198951511825185
4, 3.8430389380242316
3, 2.1277887757296132
0, 0.6528224657832059
1, 1.729738648465689
1, 2.297685790146808
2, 2.237014734062559
0, 1.1597569467175197
2, 2.7842061920741896
4, 3.1635712115248364
0, 0.5734901714060915
2, 1.9836743390698013
1, 1.4045433186791454
0, 1.1538053135224486
3, 2.5316615068716914
1, 1.6330773489260424
1, 1.426520847386041
4, 2.9023541880097428
3, 2.641435412476375
0, 0.7922158147521263
2, 2.0092803981252114
1, 1.2030066985888954
0, 0.3131220953802252
2, 1.7850454028329137
5, 4.457194297100065
3, 2.4744773371678632
1, 1.1151659525064392
1, 0.9029364178804387
3, 3.1711992942291185
2, 1.7844468345802935
1, 0.8351928469325878
1, 1.001986875349332
3, 2.78480630089567
2, 1.4015836935796024
7, 5.05254021387118
0, 0.8155470211275787
0, 0.8494972365072662
5, 3.5115174559077165
3, 3.3990125737477532
0, 0.4443075522645259
2, 2.2911372535784444
1, 1.446022216223399
1, 0.9109865364291324
3, 3.2150384311184137
0, 0.2972886548622964
3, 3.7022403391584984
2, 1.7858296754936749
0, 0.44043051334612243
0, 1.3910976118664296
1, 1.6045509663997308
3, 2.4591022286766053
1, 1.6445936940420893
3, 2.2165193084560375
1, 2.013857078062631
1, 0.977197138950476
0, 0.7088061316802395
3, 2.437419357016062
2, 2.1670283089949742
0, 1.03772526408231
1, 1.9861124625199058
4, 4.038294376111913
1, 1.6262073564971795
3, 2.658185777083321
3, 3.009529471722006
1, 1.2016112951607087
4, 3.078100836991052
1, 1.1924922368926159
2, 2.158593668786621
3, 3.380781541792105
2, 2.589348374796837
1, 1.5764400725414054
3, 2.5785376380684357
2, 2.243926006104471
4, 3.7111873564236184
2, 2.561365489449031
2, 1.505613211157079
0, 0.5574215067847224
0, 0.974231507349272
2, 1.6375334067591931
0, 1.2935129098596565
3, 3.492543294887761
1, 1.3552932726544855
3, 2.320795833757481
1, 2.164521994160272
4, 3.701799171312053
1, 1.7591208363229647
0, 0.27532432605801754
2, 1.3041181542527824
1, 1.759606149741102
3, 3.4339288553574483
3, 2.3128341076025336
1, 0.8254918538049364
2, 2.039979202928511
4, 3.599778415565612
0, 0.8622098725986694
3, 2.2394728127696504
3, 2.317901765506521
2, 2.132955853091985
0, 1.03120283986242
0, 1.02470055771276
5, 3.751174558763914
3, 3.0529763967769568
4, 3.3384710398151616
1, 1.3609250559074506
1, 1.353994270629397
1, 1.91851892139633
1, 1.222506342728467
3, 3.042134903067741
1, 1.9053212819161607
1, 1.0347914277154355
1, 2.3619768829181917
1, 2.2290065560086134
1, 1.2478703318837285
3, 3.3864610345299404
0, 1.2454694965631163
0, 0.6207622379825863
2, 2.273027805861447
4, 4.5078629871352724
2, 2.20453338216828
1, 1.9572071817350911
4, 4.198301827830705
1, 2.4416166254120393
1, 1.758543719012482
3, 2.5925074821819916
1, 1.2972094515042814
2, 3.1009956242130654
1, 0.9691850809746864
1, 1.7485846564261616
0, 0.8160635137188011
3, 2.2748086581290257
4, 2.496185734338223
1, 1.4435110495829493
2, 1.6931459708020302
4, 3.5863387200815433
1, 1.6775012505017177
1, 1.1571620174319834
3, 2.577040610608442
1, 1.20946145037608
2, 2.331346100381854
2, 3.143586518668171
3, 2.151387836157756
1, 1.939278483629855
2, 1.6236694699222516
1, 1.7357948192003072
0, 0.8483671562627805
3, 3.5508645210489855
0, 0.46699771061919665
0, 0.7266298922527923
1, 1.6558530308732657
3, 2.5380067652091847
1, 1.3047712391161612
2, 1.937683541290088
1, 2.015028021162115
3, 2.664667352219122
1, 1.5793982752718945
2, 2.766393978151243
3, 2.2538418073162494
2, 2.8857036681950747
1, 0.7216847952621854
2, 2.357334978040478
4, 2.76740070546725
2, 1.771084720719746
2, 2.660198178126498
2, 2.1473803531763918
1, 1.4019191763491856
0, 0.8769219782581172
3, 4.277532000309427
1, 1.750138839364663
2, 3.5711776938709527
3, 2.7420211814742426
2, 2.3148011334175975
4, 4.298027585457716
1, 1.4646308306993003
1, 1.142965848709094
2, 2.5264977778398596
4, 3.5914018152338687
0, 0.34569185373981737
0, 1.1189123826819378
2, 2.3547049788484795
2, 2.7413958830041714
0, 0.28418816291114085
0, 1.2852056417540876
2, 2.4891528493898174
1, 1.7385599578589515
2, 2.3207073530158207
2, 2.644447453376541
1, 1.0758754557534602
1, 1.2141426847308634
1, 1.7766753452415378
1, 1.6432134251419623
4, 3.2845717617937082
1, 1.2725386664592753
2, 2.036448717288419
0, 0.3471866217009857
0, 0.4613436373826847
1, 1.7990899033495027
1, 1.8301254067169763
2, 2.4073866965265287
3, 2.2895818657404146
2, 1.448817790559826
0, 0.6941072936267433
2, 2.3110644436111882
1, 2.3497527696707947
3, 3.5269995766203706
1, 1.4996868100678225
4, 3.592799201932798
4, 3.4421209807964828
3, 3.2690969607006455
3, 3.683819299040842
0, 1.1969228640714433
0, 0.8064263567023449
1, 1.2646286981818218
0, 0.7010983139716809
2, 2.8390337946841018
1, 1.3420275921244518
1, 2.6121140251480295
2, 2.1399661823762317
1, 1.7551779248126687
1, 1.3010229453315032
1, 0.9919330562379082
1, 1.5255074995917817
3, 2.7086889161238634
1, 2.1128784765353164
2, 1.9763830041520831
2, 1.5724399302546541
3, 3.433235315687997
1, 1.8622226537075184
3, 2.891772176718839
2, 2.657529027477151
2, 1.641911269932419
1, 2.1258109167065524
1, 1.8295061450133125
1, 2.094711347672031
1, 1.1195016409544807
1, 1.322398689781574
4, 4.4404337216099075
2, 2.04940475235804
1, 1.2222780821551176
3, 2.941744397951527
0, 0.7161714995598307
1, 1.5208506977405079
4, 2.7020256339429713
0, 1.0707922521376656
5, 3.5378784120916027
0, 0.31111224896988543
0, 0.883068117444296
1, 1.4044105166381184
2, 1.5361027855934517
1, 1.4715246217076987
3, 3.8032884184176883
3, 3.70210752498153
1, 0.8289437077671041
4, 3.6848523507991247
1, 1.476850849242883
5, 3.832355726346735
1, 1.135154312668765
1, 1.7243683034309134
1, 0.8278275054583838
2, 1.7444320784387004
3, 3.2144911710914736
1, 0.8179395719336939
2, 2.6828196052725217
2, 1.4211166392526091
2, 1.6547947336871685
3, 3.3007590356397327
1, 2.233650131250832
2, 2.851820219579427
3, 3.6649005732100397
2, 2.570593458415713
4, 2.3983685068363845
2, 2.111438034154297
0, 0.9366110679015112
3, 3.0502348174831058
2, 2.734985972879952
3, 2.9839916303338603
2, 3.0929105908691965
1, 2.1176229463712133
0, 0.5534440211171632
0, 0.8855982082099334
1, 1.9087545741267062
0, 0.5126280246289978
1, 1.1699593248856361
2, 1.3304868243602825
1, 1.0593769197165896
2, 1.8578078077641689
0, 0.8981624732044571
1, 2.1539037484326697
1, 1.831835894998597
0, 0.7813890641503066
2, 2.8971840416769488
2, 2.0051213352146986
3, 2.6678776435869835
0, 0.895143086576143
1, 1.0620203624544413
1, 1.765103736114654
0, 1.159861143273147
1, 2.06920936131542
1, 1.3763516960929947
0, 0.6692098291687781
3, 3.0323372978669574
1, 0.6523780146431419
1, 1.4349076281691993
3, 3.9075648829316223
1, 0.7353904736876323
2, 2.1329501618563396
1, 1.597802103266679
1, 1.3864089226085623
1, 0.6337064016579587
3, 3.199646489961239
1, 1.727852687935383
1, 2.1101429475094733
3, 2.318543226702656
2, 1.5501276494073672
0, 0.5573037552646481
2, 1.907333346390283
3, 2.6573427775754563
2, 1.9042217904284493
2, 2.901000822595904
4, 3.7468357748610592
1, 1.152164196969867
0, 0.16834638635276222
0, 1.5603567429326033
2, 2.279428589647256
1, 1.59086342217792
0, 0.5527659814513491
1, 2.06753228219253
1, 1.5380352611328725
2, 2.275451190045135
3, 2.4921777873359954
1, 2.318094055884835
3, 2.2724436524056904
1, 2.3581858330038443
1, 2.10114441698533
1, 0.8770276203585561
1, 2.1419982505824575
0, 0.8470966796616741
2, 1.532726292633869
0, 0.7709771855275678
3, 2.2638234109134965
2, 1.5077312223013877
0, 0.687587849591984
3, 3.177536878084076
0, 0.5228542896367918
2, 2.6828500456303637
1, 1.5118292684263583
2, 1.9952538687064627
0, 1.0046823007386771
2, 2.335352847670998
2, 2.477302789118708
0, 1.6797589779009905
2, 1.8045310596480622
1, 1.4587306408501404
3, 2.2537604916649885
2, 2.216812870517831
1, 1.5027359208202404
2, 1.5920244076882752
1, 0.9915045875395968
2, 1.960161060154472
2, 1.8458610808858777
2, 1.7780919778580206
0, 1.3979192677312748
2, 1.670505190982153
1, 1.2955215576485208
2, 2.0382559027733094
3, 3.509270616960498
3, 2.8080837727889167
3, 2.782871256220357
0, 0.20167306352635786
3, 1.830619415891014
4, 2.6501915114744987
2, 1.5042048905454555
1, 2.23025001071921
0, 0.4772881003470048
3, 2.2933531367412496
2, 2.6369410426698647
0, 0.4182605502713681
2, 1.6720055566504082
1, 2.1686910512242465
3, 2.767294644106423
1, 1.482223595069644
4, 3.4870387250359647
0, 0.7536367735960777
1, 1.3584075818300099
2, 2.2962463872721166
3, 2.095365801520402
2, 2.0650559943858835
0, 0.8933900374502799
2, 1.8921364625490473
1, 1.516084262456042
0, 0.5996908233771594
0, 0.5741706194532226
3, 2.597912722928074
0, 0.5373376674101127
0, 0.8267005809556736
1, 1.0552401810929146
0, 1.2088617106441322
0, 0.5432626358505201
0, 0.4706271060982814
3, 2.6741600924934334
3, 3.345630447939031
1, 1.486433744356536
3, 3.0771978555879196
2, 2.5920198569852535
0, 0.8346287451436659
2, 2.880997330024176
0, 0.9269588098239099
1, 0.7531058559111563
1, 1.7729425913037364
2, 2.2440402468524066
0, 1.0574731704158775
2, 2.2612585559695964
1, 1.4749386201056731
0, 0.8916980890345625
1, 1.4703141093538494
0, 0.8347448316319926
2, 2.558794955577024
4, 3.5789957890959405
0, 0.7027693202321621
0, 0.3630593507802675
1, 1.2446656315003188
2, 2.3541314280117964
1, 1.7633489725960412
1, 2.111384042802279
1, 1.4553190884404978
4, 4.230016587483677
0, 1.4090512492832445
1, 1.4550916070772812
2, 1.7598091099751303
1, 2.1948355951335103
2, 2.9099720922885473
2, 1.3678237397976782
2, 1.8156378803304039
1, 1.9038726420984124
4, 4.217094117023211
2, 3.1709530990516943
1, 1.0725816854134202
0, 0.44043384285352133
2, 2.8486843866552976
1, 0.8974549946520629
3, 3.538441137533453
2, 1.5094514384068447
2, 1.9929269409348493
0, 0.6542306721584545
1, 1.2438499579810438
2, 1.7676848635484856
0, 0.525523578575783
2, 2.7122442507666316
0, 1.0623469125419496
2, 1.8017996420370805
2, 2.085560482115696
2, 2.5182963372595677
1, 1.7627063069113782
3, 3.0805552414161705
2, 1.9570395771156643
0, 1.107974290787056
2, 1.6744420891132785
1, 1.49886387733398
0, 2.07405085093555
1, 1.5420544886887428
1, 2.6815594574500143
0, 0.6152776402585421
3, 2.990974036619837
3, 2.7474455799298316
1, 1.2960435180400276
2, 1.960832136328519
3, 2.6112229691856923
1, 1.2328220177110498
0, 0.8877131567359484
3, 1.6640962870384228
3, 2.8392967437579433
4, 3.9597886279155343
1, 1.7266102917059345
0, 0.5846474474310371
1, 1.831254917928295
4, 3.7885124589866037
2, 2.7270443346597246
0, 1.0054567599795732
1, 1.7338968355248536
0, 1.1078633554401214
2, 1.8648188784486524
0, 0.5519529119023103
3, 3.4793493322507496
1, 2.3167976700140724
0, 1.0476776268580568
1, 0.792713736867383
0, 0.9283683589214403
4, 2.9537875905701503
3, 2.679139005684383
0, 0.8711275025204658
2, 2.1310607977183254
1, 1.1657668995711101
4, 3.339690486585311
2, 1.6063528490325631
3, 3.0513136102278198
0, 0.43221276481393106
0, 0.6088879331497995
1, 1.247414262734564
1, 1.15814064468185
7, 5.112399759061858
4, 3.618227474561673
1, 2.0263081034237294
1, 0.9889928521247957
1, 2.225341785931887
3, 2.0456203438629896
0, 0.7074238091332514
3, 2.8298372775970466
3, 2.709399290872198
2, 1.939819070476752
0, 0.6833460503723104
0, 1.2114904134814672
1, 1.9470279156671242
1, 1.8013045207649843
2, 3.062862615149966
1, 0.883475367278644
3, 2.5441507068638227
1, 1.8187985947179393
1, 0.7037342640388022
1, 1.35956121645614
2, 2.1610631181133377
4, 4.240135676837987
2, 2.465438375147248
2, 2.1681138799096566
0, 1.7587878180137608
3, 2.4422542898856316
2, 2.347551233876729
2, 2.143857567038465
1, 0.6145823356347225
0, 0.5195490431046572
2, 2.615665708877554
6, 4.164195073771912
3, 4.01643871276667
1, 0.9199830222175136
3, 2.40052017323244
1, 1.0370208728985277
2, 2.295542590492444
2, 1.9691254335847712
3, 3.0604218831113768
4, 3.889926279054124
2, 2.7575039920963245
5, 2.919531888929334
1, 1.6004871305933752
1, 1.8942062631394114
1, 2.217812144609408
3, 2.044480311213769
2, 1.8703542630147123
0, 1.0118576010808267
2, 2.015780770305308
0, 0.2810367267456205
1, 1.3208145899144925
2, 2.107317294695198
3, 2.976856962542421
2, 2.1710211421951215
0, 0.4800879995385832
2, 2.2227624345255834
1, 1.9320655011257228
2, 2.284109625093594
0, 0.24057434957085266
1, 2.6796625869610438
2, 2.355136639534893
0, 0.454986125422964
0, 1.0048733200886613
2, 2.2203757042600514
0, 0.9537341774790636
2, 2.4773591676913864
2, 2.4756307027664763
2, 1.6325820109708238
4, 3.3207767685168976
2, 1.5086778052070455
2, 3.3439031141796756
1, 1.6176752161899222
3, 2.352742626912805
1, 1.5863599566051416
3, 3.478530944033086
5, 4.29017241389275
1, 2.168651200086479
1, 1.6398938722532472
0, 0.5191168353975188
1, 0.9325421439619774
0, 0.7419299953315922
1, 1.6749031486136945
1, 0.8307508608756834
0, 1.053703593120809
2, 1.885991006895054
2, 2.772616237411531
4, 3.8064022206428167
0, 0.575968835600275
1, 1.732708812910251
0, 0.25351613368188347
2, 2.2131506043544675
1, 1.2035908124474213
4, 4.109474518507867
3, 2.348450639630721
1, 1.4219154786165817
3, 2.203393069900508
3, 2.2915117544355414
2, 2.1427917223632256
0, 0.2655138723856097
1, 1.810656520515435
2, 2.2912771583112064
0, 1.2365338144552402
0, 1.466231845054204
0, 0.41110781355218906
3, 3.289765520510682
1, 1.2691420525725134
4, 3.6897824125155396
2, 1.7950999237664067
0, 1.0083085097656879
0, 1.3829279292665528
0, 1.2146209240435109
3, 3.5741051316193087
0, 1.0189766193518541
4, 3.675085654603537
4, 3.2310017708425645
3, 2.6919454997065784
3, 3.4938929492950916
2, 2.716802482950472
1, 1.357870236042506
4, 3.079941882847522
2, 3.3130978869712653
0, 0.7355751131293932
3, 2.387039077364704
2, 2.1139653176013047
2, 2.415059097630969
2, 1.1989833884470358
1, 2.6202982646063093
2, 2.299183367036556
3, 2.0363113179968773
3, 2.7770593387634004
4, 3.881614703342849
4, 3.8283650524284467
3, 3.0129673593687665
0, 0.7289270633510142
3, 2.592753771944019
0, 0.3834736838326299
3, 2.150268464053417
1, 1.0748746972469334
1, 1.4455955986269418
2, 2.216558997848461
2, 2.132827950753525
2, 2.023512665376865
0, 1.1795759628951499
2, 1.7623880126694378
2, 2.683725462137847
0, 0.5576895430868815
2, 1.787467669060815
2, 1.8003070480789178
2, 2.087558897052749
0, 0.7817552049866244
2, 2.0272832930067417
3, 2.800288450096546
2, 2.5211184266735756
1, 2.036072928223031
1, 1.3866104385271485
2, 1.9352982924846918
1, 1.2880364750529834
3, 2.378315186582325
0, 0.7384672230240624
1, 0.9492319002844735
1, 0.9654267915985303
2, 2.365415624392658
1, 1.1451723001872212
0, 1.346212231913192
4, 3.8135617938234505
3, 3.4681320166962215
2, 3.32665562946339
1, 1.5938078415919652
2, 2.309933801360224
0, 0.770077144483299
2, 1.892523018978261
0, 1.6445533758701738
3, 3.7083981649539193
0, 0.673037377928557
1, 2.310939130285023
1, 2.406846121013773
1, 1.2916431904954389
1, 1.4412557516671949
2, 1.5072362382429465
2, 2.8636167084730872
0, 0.6278414107328342
2, 2.486722794889022
1, 1.2527807334847136
3, 3.7051815287673406
2, 1.3070481654532702
1, 0.7747747988819799
1, 2.1783962086646147
1, 2.2319696617074003
3, 1.957623996256883
3, 2.9036263923409105
1, 1.5028413080643568
2, 1.7773769321546489
1, 1.6886745484748373
0, 0.3602696533406855
2, 2.376907012263434
0, 0.35354686929917106
2, 2.684873489908927
0, 0.5225523372910336
4, 3.3595603504630396
3, 2.7692111435474076
0, 0.6518644946831842
2, 2.5346511509626914
0, 0.6828979878913758
2, 1.7134128740391492
2, 1.982673171577728
1, 1.8499416917477731
1, 1.4888749819981
2, 1.7619566761265415
2, 2.8085836831254953
2, 2.333412398038655
1, 1.3665614870235274
1, 1.7474799251962259
3, 2.4633237255585496
4, 4.1032898448754205
1, 1.0880960682580574
1, 1.2329300908952143
2, 2.320511976448654
1, 0.7231590938624917
2, 1.796394141324057
2, 1.7638825304950883
4, 3.4227668478421176
0, 0.33040487364091037
1, 0.9296600515087892
0, 0.4519687593108296
3, 2.707573202037836
1, 0.9109734325392458
0, 0.5488913663661869
2, 3.319816780345141
3, 3.0265627708877525
2, 3.9166599724884623
1, 2.3100586347051606
3, 3.1102396077529026
2, 1.6361793124328157
2, 1.753275455749512
5, 3.2307989702762723
1, 1.758364881013344
1, 1.7785225936342577
2, 2.645752473356424
2, 3.279699599128419
2, 1.4034900901845389
3, 2.9603674183728406
1, 1.3566291197920326
0, 0.9399112463972701
4, 3.431134272541499
2, 2.0542106739816335
1, 1.0327844033872549
0, 1.1424416984740182
1, 1.6286052882291493
2, 1.6611696871508195
1, 1.5820161984671082
1, 1.4108605929238407
2, 1.5990454560747875
2, 2.190042212757837
1, 1.2892798324662114
1, 0.9880472734268841
4, 3.116417853785754
1, 1.3890695308541054
3, 1.9597114649010392
0, 0.1921992163742145
2, 2.067823363613802
2, 1.820172319540048
2, 1.949289049292334
2, 2.661384832940757
1, 1.7730692555377148
1, 1.2741298834471002
0, 0.6998704325676737
4, 3.8588500674391137
2, 2.529575306877032
2, 2.1743209584130243
3, 2.0855983516959156
0, 0.5452558802334719
0, 0.8607078770256553
1, 1.0071865070187
1, 1.1435816369046317
2, 1.7348578113018371
1, 1.463728465400418
6, 5.369296722448451
2, 2.5567922332586996
1, 0.9110623074666511
1, 1.440450393728643
0, 0.8553788550109127
2, 2.204026039888946
1, 1.1926887512976172
1, 2.1704272017621355
2, 2.9824759842022917
1, 1.0440289524277506
1, 1.4103583122090246
0, 1.1282850844586456
1, 0.7579170508038618
1, 0.9238407890127951
0, 0.2683873922772271
0, 0.77599294092982
1, 0.7878268161115138
0, 0.8355297933023783
6, 5.180230838836508
2, 2.1054043797676525
0, 1.2126444767611373
0, 0.9620906482509102
6, 4.33788301774031
0, 0.396508742981354
0, 1.0087354974168392
2, 2.5293071506621696
1, 1.4977713068743934
1, 1.4324381435141322
1, 1.2440930989214338
1, 1.1906427557069779
1, 2.2671330916076218
4, 2.640358967044511
0, 0.10492997407649084
1, 1.4053062067777902
1, 1.781224929707755
1, 1.7872788612228117
0, 0.801955912196104
2, 2.359112527545013
1, 1.9826384696868813
3, 3.3008785151008775
1, 1.5008493158430267
2, 1.779732067081997
2, 1.5698721172672332
0, 0.5343768525072758
0, 1.023789131528688
1, 1.2620562485300888
1, 1.9890819109250562
1, 1.2727186062681444
2, 2.1164996736590713
2, 1.5095709107100834
2, 1.986287559481598
2, 2.109782139682665
1, 2.163281448249624
3, 2.8011362394607
2, 1.4627904891809467
0, 1.0272914977846082
3, 2.204534352998744
2, 2.254322894055336
1, 1.6840483779212956
6, 5.95614745471869
2, 2.754911257803679
1, 1.3537873101444577
0, 0.22574397597085788
0, 0.9845867728168702
4, 2.932230785583055
1, 1.955818427767284
0, 1.0177396871089581
4, 3.3424051626924887
0, 0.35622913082511987
1, 1.926157578318902
2, 2.7932694740054997
3, 2.5798186191579062
1, 2.3641517105456544
3, 2.6049370398670137
0, 0.6444743037234983
4, 2.9943235829196175
0, 0.7645101855917668
0, 1.7194352182565082
1, 1.140768308241913
2, 3.021599698006316
2, 1.290011352723588
2, 1.9366322657862156
0, 1.0448888032132078
1, 1.8212199026705782
3, 3.468696949127838
3, 2.3550105145971547
1, 1.284491382763967
4, 4.384713897482408
3, 3.1245818597503336
2, 1.3847499052509757
3, 2.8751798059124143
3, 2.7173061024298044
2, 1.2643354159679836
0, 1.1278068684517653
1, 1.6890762004260291
1, 0.5869417770427143
0, 0.9233523659269857
3, 2.8031746584170754
0, 0.9183974748712312
1, 2.2002939768124414
3, 2.455436748422158
1, 1.5661468856076142
2, 3.131205170481966
1, 1.197438211689777
2, 2.2235321548528106
4, 4.111958075529043
2, 2.625395660968402
1, 1.364674144524834
1, 1.6400014955636864
4, 3.065687036426068
1, 2.398223749165342
1, 1.3525135755087367
1, 1.252124929378369
4, 4.094384254839015
1, 1.657558845356532
5, 3.727697955007906
3, 2.4279730018213015
0, 0.15719005754607437
1, 1.5953113419204097
0, 0.6307418604615584
3, 3.1579715917782263
2, 1.4456303268579778
4, 2.752506423819
3, 3.0511864233474117
2, 2.127310630557601
1, 2.6111493770981458
1, 1.2518916017255284
2, 2.401108759911949
3, 2.4676523277914644
3, 2.5076457351047416
2, 1.8869203397155252
3, 3.4510500443135914
0, 0.17416203499331057
2, 2.948237974338452
3, 3.7607156615437223
2, 2.240000858823367
2, 1.486435866950191
2, 1.769399464928022
0, 0.3734523762283694
4, 4.056307275114006
1, 1.3109214036217238
0, 0.9799751973836873
3, 4.462404785016829
3, 2.373436990566655
3, 2.787467834448436
0, 0.8231362934639644
2, 2.793470769419986
1, 2.0121340288250624
3, 3.653404763262053
0, 0.5425058222932974
2, 2.0518811792697584
3, 3.1436683078152443
2, 3.005476462560182
2, 1.8147745755207365
1, 0.8287520166774702
1, 1.8350890821799146
1, 2.954441118567631
0, 0.35633257479493724
2, 2.7171306467899603
0, 1.6145458411636058
3, 4.372161690383313
1, 1.970559730427344
3, 2.193922088529965
1, 1.0638277984115978
0, 0.3526638255228081
1, 1.307108788195402
1, 1.37401585317657
1, 1.2023410367740783
2, 2.9820526926777786
4, 3.1434298201255686
1, 1.7147475160986296
2, 2.918625136064752
0, 0.7033209822456366
0, 0.9165855152214113
3, 3.638959891811942
1, 0.7271362580985158
2, 2.828166335949935
3, 2.4378630446488954
3, 3.5539544980562554
1, 0.8538529684856571
2, 2.298761819739875
1, 1.3308860810476517
1, 1.6939277307116467
1, 0.8578055705144362
6, 4.019620215872942
0, 1.0035283495821323
1, 0.9251842423165496
2, 2.4455916379984606
0, 0.5783756863523505
2, 2.711505120818596
2, 1.794345026387405
1, 1.9069960487401028
0, 0.7082497659968169
3, 2.891528421446397
3, 3.747231015886997
0, 0.4168483242007129
2, 2.053740938084145
0, 1.6369726950080208
0, 0.4606439538650526
1, 0.9692413565596741
0, 0.2084007325403545
2, 2.7707641496333704
0, 1.5901345183620503
2, 3.0285052852040617
2, 2.064541100911156
0, 0.9108768345295626
1, 1.5024262423289556
2, 1.7331197258496351
5, 3.860406260583638
1, 1.3568620995913512
1, 1.5344710337283982
0, 1.1392762111169936
2, 1.7552583210618675
1, 0.8704288775092047
1, 0.9417165796859133
2, 2.4769290570618847
1, 1.1866115506587396
1, 1.673356926270068
2, 2.5092172985807273
1, 1.929884100245469
5, 4.792298298667539
1, 2.2289555362531313
1, 2.0994207633292947
1, 2.145095202228613
2, 2.378688967444215
0, 0.49160789661051807
1, 1.2953469488821798
3, 3.099518146540412
2, 3.565405395068831
2, 1.7914889562516711
2, 1.7922278679009227
1, 2.1510429172792636
2, 2.8103005644348027
1, 1.2908982780759952
4, 4.183529289754415
2, 2.025691476114053
2, 1.733092337886499
2, 3.3054569913902014
1, 1.3868860349848675
1, 0.7215935728999705
2, 1.7173948240475971
0, 2.321483838447445
0, 0.8989100877853702
1, 1.3751162887026065
4, 3.5575372760665407
1, 1.8102814718959799
1, 1.4230264549514646
1, 2.2002041757394255
2, 1.8789701977774589
2, 1.7525049328027675
1, 2.040918993860589
0, 1.0038206397207503
1, 2.16892191141875
1, 1.4959631999221552
3, 3.409212935305194
1, 1.7720094830440354
1, 0.9142103493781693
3, 3.1310703599767624
2, 3.609139608788554
1, 1.636309190353016
1, 0.8702233341313941
0, 0.45088488298327356
1, 1.657052350485901
1, 1.197826239468244
0, 1.33840179454704
0, 0.6588946322965941
1, 1.6209840112884075
2, 2.8854925738819874
1, 1.1988123876221635
4, 3.2334561032765667
2, 1.9376902074246656
1, 0.7100862757655175
0, 0.6966763515872034
4, 3.7302480486166387
2, 2.2755100265409367
2, 2.144754357416896
1, 1.495254154932212
2, 2.559427538705367
2, 2.936363517992103
2, 2.3934326849062453
1, 1.6639790282419435
5, 3.7643362007159835
0, 0.7217708154802296
2, 1.8822470183503266
3, 2.1072824437899893
1, 1.6835049074491877
5, 4.745807504505479
2, 1.8746956380741138
2, 3.094638802400591
2, 1.2291560481644443
1, 1.5561841760919828
2, 2.5413362057288618
0, 0.5727211469942584
1, 1.9899617086286432
1, 1.5951298123197188
0, 1.0894371670243457
0, 0.7784458947254226
1, 1.5652885941661945
3, 2.610333381032516
1, 1.0197185303980014
1, 0.91834137133249
3, 2.218407926542988
2, 1.1138272720056837
3, 2.613257497435293
1, 1.1701648770812916
3, 2.89703510211264
2, 1.9183794588486562
1, 1.3495239808500348
1, 2.6245026042591957
2, 3.7023224657114566
3, 3.4018832495351776
3, 3.528395692686115
1, 1.1927175429260968
2, 2.0649431173511674
3, 2.469772116250292
1, 1.2306581846825373
2, 2.0642140011252774
1, 0.7779773291790758
3, 3.0910902112146355
2, 2.1830470558763895
3, 2.7312253149773142
0, 0.6351656613798294
0, 0.7956003114257015
0, 0.8676926508984948
1, 1.1703154765400503
2, 2.5409276160410488
2, 2.155613061082593
1, 1.6038619929704838
3, 2.617862222772619
0, 1.8390189500388172
0, 0.882928508587991
4, 3.337360882355564
1, 1.7720400009866801
1, 1.7217619621587117
2, 2.683782884020599
3, 2.510292225764188
2, 2.127977115265508
1, 1.4317196030064725
2, 2.530900832882962
4, 3.4653785644651482
2, 2.2218042011263908
3, 3.9155432970456667
4, 3.938576820667882
6, 5.007349512648304
2, 1.792115048392422
3, 2.3225749838776837
3, 2.5283820143326268
2, 1.9278316845360544
2, 2.00811998683473
