Threshold, Curve
42, 62.09337129852407
32, 58.6754087128891
38, 53.93579815549135
36, 56.15183040993945
29, 51.45880630713964
28, 48.43510675088023
47, 63.19286996072941
46, 63.74012283960055
43, 64.16814742082143
29, 48.098046886976036
37, 53.43969784406425
34, 48.68948256544052
50, 71.20253591500895
34, 60.88095569626613
46, 57.22275343845058
47, 63.216850555692886
35, 54.8953808988657
38, 53.68652727356572
22, 38.755178370124824
37, 52.404330350151234
43, 62.64001850302015
31, 51.11352403617266
36, 58.38295786988016
33, 49.74636680909045
40, 60.18917869603322
39, 60.71854166073977
43, 59.14855475930615
30, 52.04814516747328
43, 64.56527820424097
38, 53.44068992035242
35, 59.20882552668497
45, 63.622201921919554
50, 68.72718577634637
28, 48.43197483785288
42, 61.94783504202762
28, 53.19261605553225
32, 51.21326022668103
25, 43.939094493055215
48, 69.54159510454568
28, 51.602433304927
35, 48.551062619224204
32, 51.62249374250182
34, 57.970631628490324
35, 53.454779510582966
30, 53.59178978474003
44, 56.898000571748064
41, 60.205174189980774
34, 51.02687510942467
39, 56.37336179360803
33, 55.41373338729549
36, 55.104395768529734
29, 48.545216328292234
41, 60.48295064527852
43, 55.36228113955519
26, 46.730296305274244
30, 53.65241483703727
42, 55.77906337830577
30, 50.26197843358969
40, 57.01684685102867
44, 68.11122206497103
40, 57.26721877353991
39, 54.1541836556793
35, 58.38984368679279
37, 54.4087881486923
40, 62.437463645219445
37, 49.98732969475717
40, 60.960875729325984
37, 56.27177734285037
39, 61.1841831042603
31, 54.2632688508627
34, 49.685352102239534
42, 60.58189801242749
38, 56.36336788897594
39, 57.361936910057224
31, 55.9467086232016
41, 58.34154849745082
53, 66.81092839626625
34, 56.19197328456036
41, 58.92787988760707
26, 44.90827251167108
37, 55.831153428244384
49, 63.846206226064645
37, 56.313260217007716
28, 53.74542272544252
42, 59.53873979143202
30, 49.14411792658028
46, 64.82074129699603
35, 53.4977004971195
38, 53.8381710245565
38, 53.949318823982324
29, 47.635912297544714
40, 56.89045241662111
53, 70.91329216901775
30, 51.52634633213526
36, 56.081033467951166
35, 60.05706742066926
36, 58.41652451888229
43, 66.72118718099479
33, 55.37935069941641
40, 57.189573112181634
41, 57.24039429069988
30, 48.644059265594564
32, 55.19548464126069
30, 47.512131885751
40, 61.37116317564094
36, 55.45181332387318
41, 55.823597585136916
30, 50.79690968103911
43, 62.15210493206804
52, 68.0782740123342
35, 53.914377941954726
31, 52.45330092574145
40, 55.54185142812111
33, 52.1364171324901
37, 54.6522831544211
36, 49.93828402617867
35, 51.9597459356131
48, 62.214840554850056
33, 51.068948169055055
35, 62.48317983753569
39, 63.089207454623185
31, 55.50546037098723
48, 59.3272168161618
28, 47.599660390600604
42, 57.434576635849496
46, 63.544571745208245
36, 50.646221082704024
38, 56.84288083715421
34, 58.94872260199047
29, 48.65819361102984
36, 56.952105101415206
43, 63.332300116208565
32, 54.60213529685534
32, 55.22658590240647
41, 60.06823014838291
48, 61.380866001327924
29, 48.332191832439314
39, 53.60860734607045
46, 62.0364351057723
43, 57.22279800009413
40, 57.891131758817025
31, 51.924824127198704
38, 53.88973214555295
39, 50.4856774664322
44, 61.9833114498101
40, 54.480100829023144
45, 60.05678111496296
30, 53.87549081627086
44, 59.97530700686974
42, 60.429221458314075
30, 46.06010202224669
39, 55.23264636099252
41, 62.226654638051855
36, 56.295841783472675
40, 62.289139999384886
41, 59.05673405478383
45, 55.1971917205078
33, 52.79784335104505
32, 51.831010464507884
38, 55.743600729527905
47, 65.57381860578091
44, 61.02871637430508
40, 58.6963729820584
40, 60.50775442831493
35, 48.97390967012071
35, 53.513749313892056
29, 41.82018152113717
37, 56.966895427864
37, 60.529107184290034
35, 53.15210324529567
48, 66.92543148189552
29, 55.05160540402122
34, 49.82488838570203
43, 59.48552578718007
46, 60.00828932592425
31, 50.20437495697403
30, 54.390637474213385
36, 56.02296840504786
31, 51.15665064816389
30, 51.90540388677228
35, 56.8216192121373
32, 51.50104454142925
41, 53.734724955351425
27, 45.19166719360428
37, 57.207700704925976
41, 56.921925735866125
29, 45.066402007373895
37, 57.28495616437434
33, 51.82067652292462
41, 56.46433214590808
34, 53.43907907318557
34, 48.29571870999619
26, 48.998922429134645
40, 54.027081073865254
38, 57.979311380722066
35, 55.24038480414892
35, 50.71926340346298
33, 57.72930520057958
42, 59.977774946715215
42, 63.18604145106196
34, 52.44326232296323
36, 51.694502966316705
25, 47.183236063186506
37, 53.64684411375117
38, 56.928841775642645
39, 56.73663679099179
37, 59.910023542551606
34, 54.6796698490951
30, 51.28950680137513
38, 57.40095863598021
31, 47.841547832438515
47, 65.0488893933588
48, 65.11022422933874
33, 53.28280305982316
36, 58.54379399309772
32, 52.77306631696901
49, 65.65858630475934
38, 57.164200762497835
39, 63.101740611951804
50, 65.78703631419157
29, 49.45949427505797
31, 55.69042494033998
43, 59.876017060920525
56, 70.25495856922682
33, 51.916581608237124
39, 55.7758853266828
40, 50.62165562550688
40, 53.98770003772866
20, 46.813462085976376
34, 53.91369421178179
42, 54.85102504442168
40, 61.22630015700316
39, 54.047832777215795
42, 59.86704140345809
50, 66.79285544496003
37, 56.08422729486086
36, 51.67392856606363
43, 63.8882482326117
35, 47.70213418522154
51, 65.85464633750205
36, 52.238670588797426
34, 57.57532215497253
43, 58.28569758896919
47, 65.4825657883841
36, 58.43536217755815
45, 59.664341692572506
48, 67.32177087726338
41, 57.36839103422358
35, 51.98938218708206
42, 60.14823259448594
56, 73.24308133174551
34, 56.206796946140074
35, 48.98681447364383
32, 52.184272257821064
39, 56.1687239115207
42, 53.45270475723618
39, 53.57114795707428
41, 57.26993818908629
34, 53.7143281784666
30, 50.1348230422539
40, 59.29021278750677
37, 59.63958660107933
34, 54.242748349030904
45, 65.22773323848797
43, 62.213691640591165
46, 62.74850092243502
39, 52.919708970340224
42, 65.2136003341689
24, 47.53429829887883
28, 50.84773889572213
40, 58.73053744224549
35, 52.02376179429135
33, 53.67259900910558
41, 60.55314070309426
32, 51.044660233664885
29, 51.493708500737895
34, 54.1766848275654
26, 47.773873548586025
40, 58.00206869655224
37, 58.62472410864269
32, 50.17561086850001
38, 55.62912980081745
34, 50.74017133665722
37, 52.05259769730813
49, 65.84244153269596
38, 57.00786212009573
43, 61.75219114400469
36, 49.973001133819025
27, 52.62428659111074
40, 58.00441063970837
43, 61.44740701426608
34, 57.22224086324822
47, 60.633754184206445
40, 53.255369105656285
35, 53.57138543334795
42, 56.04466705219835
38, 55.9408365704521
39, 52.40105957684344
39, 59.46039764764603
37, 60.405892883774165
30, 49.90350415164291
36, 57.9342559797166
41, 58.022098714204255
41, 61.192567643839396
40, 57.164323713053484
34, 58.33398870265566
42, 67.80341145686064
38, 60.240827143070824
35, 54.469933213274395
28, 46.88102636843028
39, 58.621498453778024
37, 57.435267254352325
43, 55.22598398268268
36, 52.466497024419596
42, 58.55832417648205
35, 50.618711233921566
24, 44.92274572796778
40, 56.83852363263701
38, 53.13512653096925
37, 50.10439609914011
39, 53.80493044848471
48, 62.99289437101541
47, 61.6166482562927
46, 65.55508309247782
39, 55.54989425375673
34, 59.881878348058706
41, 59.48104859845137
42, 60.063518305596624
51, 68.28105483466621
38, 51.24701298805241
31, 48.78516977317465
51, 69.38689554218418
38, 56.79531106019193
36, 59.76928347140143
41, 59.05189633117271
34, 54.93444345226484
36, 58.46049090580706
31, 51.16682434145424
35, 56.47598422776414
41, 60.89379517838138
43, 58.90751336318035
43, 60.26419605793002
41, 62.34243532714555
43, 59.299629593289055
33, 50.59082154322694
43, 61.37376586487329
38, 54.46852851648418
44, 62.9522738725391
28, 50.36983160480258
34, 50.24196291644968
34, 58.37565091959781
43, 64.38095041394229
38, 57.365677112676714
39, 54.34105428016282
39, 59.293715350730636
40, 55.96500134988584
53, 68.80727582796246
39, 58.65181078730849
33, 50.59172587810497
43, 60.20659880741166
40, 59.93730855024884
34, 57.06919939052375
45, 62.17273697687377
45, 63.033582728130455
25, 49.08687112917494
40, 63.15314246520078
47, 64.9482293140754
38, 59.10870569278634
34, 55.85750685168016
40, 64.25243041100454
35, 56.15842704593564
29, 47.673581915441275
35, 58.58798574188076
35, 50.29092725826948
42, 60.54618554627594
45, 65.51747662796855
46, 59.69693043134719
37, 52.56645568043194
35, 55.11387400943043
33, 47.263935764656686
30, 52.01545159919462
28, 49.354696343504
38, 53.9738525774093
46, 57.49120762743329
27, 50.89813388995639
26, 49.350052582567415
40, 53.794001337892674
33, 55.53362937553015
43, 59.990944335460966
36, 59.09663493149646
30, 50.91884263843716
41, 63.057647971854294
34, 58.08283281233027
42, 61.94522857956903
44, 59.199497552657036
42, 58.7830849358602
47, 61.98462641072456
43, 59.062107121397986
46, 66.81592646286828
30, 45.05066873560297
26, 48.24211226575574
28, 47.99973877554531
28, 47.98745455538152
27, 47.944626960743584
30, 57.495489714177
33, 50.356820592286205
39, 62.03170176071645
47, 61.09049325683849
42, 57.05895595965997
33, 52.63726289246786
42, 58.864559638798006
40, 57.493590908726176
37, 55.89673121977857
31, 52.125632498126215
25, 45.167515832002245
29, 50.70461890447571
47, 61.63695346967617
33, 49.92730505612136
37, 58.60457529401384
36, 56.5872773796445
31, 47.701515620700214
30, 50.98053941705477
33, 50.61660253958674
37, 51.06142194481064
27, 50.592407536767155
29, 48.88399125841663
42, 53.41625077470441
45, 64.48521684082853
34, 52.4427515067779
40, 56.15733011881352
38, 55.98779545849291
45, 62.07450795879961
44, 60.594829905128236
40, 64.3986958441631
40, 55.484912901646
41, 57.947837394974144
30, 51.06662397440659
47, 62.45836902420158
34, 49.30577899616949
34, 53.377923474684536
38, 58.01555535229017
31, 51.775714821759664
37, 58.87131218345748
34, 51.55722511401754
41, 61.020483832181085
39, 60.65031500022148
40, 59.710046740766906
52, 68.7799135783651
44, 58.35823429461531
29, 52.87895644835508
35, 57.62224037707632
49, 62.43333996440494
31, 52.063603997561465
41, 58.90211644370707
31, 55.81757028731621
45, 59.70818457993236
38, 57.60977592314876
29, 48.796696675563496
36, 56.34621223320723
37, 55.26162315703412
39, 51.548046104352125
44, 60.15530242008774
34, 52.447619000819216
43, 59.79174263077036
35, 53.29710183624378
35, 53.44173725644848
43, 57.24550141423345
38, 52.53012261766324
38, 57.29546356449628
24, 48.42010138492785
34, 53.67794450133596
36, 52.40212475345425
41, 58.0098232995591
34, 58.15004343902726
25, 52.39327507934008
40, 58.17331307444436
34, 53.228355756214285
38, 57.51446008107059
46, 64.72471478750326
46, 64.63631904264211
41, 61.399644682236726
30, 54.27683069946205
40, 56.47206387741363
45, 61.22974726746968
41, 62.97404705850085
28, 48.977082356183125
33, 55.95860937062254
33, 54.05584288474345
45, 61.34604990627032
40, 57.90009690602177
37, 52.65666639599018
45, 62.41840346397548
42, 58.95046846141847
37, 57.95591734581646
33, 53.04250783149007
52, 69.13744026976107
33, 55.0833831420999
37, 54.92837704800713
36, 59.26291909672048
41, 59.653288819463135
46, 62.54721424987011
36, 51.13946605425873
39, 54.30593325424742
41, 55.853178925652806
44, 59.122532022902206
37, 55.930897717509644
32, 48.778880973976406
41, 62.60734051424362
42, 60.06117917465683
35, 59.21237744063968
39, 53.995284515485395
34, 51.951790841320864
39, 56.98989804975342
30, 53.97974924722713
35, 58.6937191539528
39, 57.67554597256955
30, 45.77149803705314
37, 53.357211409173345
42, 57.43611825271174
38, 54.407924337546746
42, 56.44151150686921
34, 54.12802395598612
41, 60.37341846613706
26, 51.12062242203384
53, 62.75389570658832
37, 52.12766143425062
34, 52.21269657873379
37, 56.55375954105822
31, 48.30873250904121
30, 51.510765403657786
34, 51.982553777467416
41, 55.318460542737995
46, 61.92536868813369
42, 57.62559868046131
38, 55.81830426354515
29, 51.06316291819771
38, 56.05343894200014
42, 59.64184813479299
31, 49.10595047561578
32, 54.222534408830704
37, 50.82386785193592
34, 53.32279788496018
43, 58.86633329321224
27, 47.83830737657707
34, 52.763383421884754
37, 53.62041766093354
37, 54.66549096914962
32, 55.47472437699362
29, 46.928334578862064
35, 52.27128565837814
41, 61.22792045524779
47, 60.111126225688764
30, 46.54391704420328
39, 60.01614510300614
46, 61.867712002960246
31, 47.343143355442216
35, 53.0966479964303
30, 45.81434389353944
47, 63.28476533540333
36, 52.73837362893123
35, 54.97577422468574
49, 63.06749103460838
26, 45.21382463695126
39, 55.230621014521866
30, 48.35212584516914
36, 56.14787049749083
35, 52.3509085077899
31, 47.80166261459706
27, 44.39605194980878
48, 66.8144542747209
41, 56.05765387927595
36, 55.45145730965076
33, 54.6663838054463
32, 50.76060966100673
40, 60.66632618417147
35, 49.55454836042234
39, 53.13650449148119
34, 50.503387010993976
38, 59.04367592829585
37, 54.79524444468183
35, 52.20965116755878
38, 60.068105002454246
37, 55.6444731777878
40, 58.342772226375885
40, 55.98347829759057
38, 64.63297343702146
43, 58.96785016691361
27, 51.41692068831479
37, 50.491098780814276
26, 48.066125433209855
35, 50.75562874830124
60, 76.02904939732979
41, 64.1665482490326
38, 53.81238529509896
55, 70.44241188666129
42, 65.09803370083678
42, 57.13028907485463
27, 48.82142028101197
35, 49.202227898337085
42, 55.37470597536655
41, 54.289094319332904
47, 62.00110745029167
30, 46.0495825595559
31, 51.20950827931267
34, 53.80558819707653
38, 61.07628546813092
32, 58.47837932845123
38, 53.12992176465075
35, 56.10301196239267
32, 53.12207048174766
27, 48.55870180708259
44, 60.499710697764115
35, 52.27667852136854
30, 50.448573037015365
37, 57.85793816773094
41, 56.45553283101167
31, 52.380661295768775
23, 42.53339141680095
51, 66.94467786391742
31, 50.47371193759451
30, 48.44453057663178
44, 60.16162072051234
32, 52.15949099946484
39, 55.885671184113576
29, 49.16472915154422
33, 54.862365845778214
48, 61.78091720103546
28, 49.00827670683623
51, 66.75798372967874
39, 59.89764444440212
34, 51.38802081862339
35, 52.37839897696239
50, 60.02086996950475
35, 50.362938065616284
33, 45.07900961375415
25, 46.17832012120584
22, 40.348329705254685
36, 54.89097219685201
44, 57.60449276115252
29, 53.68056791750926
30, 50.489187365298235
49, 64.84855296370897
45, 56.22802954314761
27, 49.80898122076786
44, 62.23147703863848
31, 48.32187164566506
39, 54.07282305916313
43, 57.48522544002125
36, 48.63730636813523
36, 57.42358055179816
25, 44.29587363264176
35, 46.133355747178605
38, 61.1263184193903
46, 56.20832152561185
48, 65.62268823484989
37, 49.56482387448485
40, 61.01730010730838
41, 57.62467802221746
35, 59.69669550998969
40, 59.196935161240866
39, 59.083833077373505
53, 73.82840429211005
43, 58.98454844226251
33, 52.5444973940816
30, 47.079408315947155
33, 49.92908647701131
41, 56.6786157466598
41, 57.217029002195616
43, 57.764932255060636
36, 53.08808730876644
49, 62.71562057528469
35, 47.69688045947422
31, 56.27015218103287
47, 64.03142653054843
42, 68.71304904031986
31, 48.6712840716074
52, 68.27772158325652
32, 51.756570991710454
36, 49.80411353578718
29, 52.86110873815873
44, 57.636888585253956
38, 55.87142345228308
37, 52.118376277174484
37, 52.683713169457626
48, 68.35921452607744
32, 49.47065237204022
44, 59.97135530892642
25, 47.75541102085423
29, 52.73753364525523
52, 68.92658720324827
33, 50.984022475332516
44, 61.21640172266727
33, 57.635826955692195
32, 55.94015167655466
39, 58.629536455571674
44, 61.422759182913516
37, 54.016350893474765
41, 60.86600393020435
44, 55.49030098020307
44, 62.05567054296046
41, 57.83408081555491
34, 54.136527087831645
46, 66.53033062746856
32, 47.1160982760379
41, 58.46449328523654
42, 58.94259462345393
41, 62.70771193770519
54, 69.23178894618637
37, 56.39928924370112
36, 58.24713453574441
31, 50.396184667765425
29, 52.062538137747914
38, 51.5279397830886
28, 50.95633118373111
32, 55.11468823355652
36, 52.19041084329899
33, 52.777289072749305
48, 64.18628037417328
33, 50.12593312719219
39, 59.080471838174724
46, 63.5532892926263
25, 45.10497002449429
25, 54.260113435888144
36, 58.251384819066566
36, 55.37549594716741
46, 62.751632575315405
33, 48.50644443887055
43, 58.306521076444646
42, 61.66430306759998
41, 53.70340568623893
36, 56.40542812769941
41, 59.12215457514107
51, 65.38648232128428
33, 57.112059842267726
44, 53.83722800866721
28, 48.35144292482033
45, 62.75385790896879
32, 51.30779487780329
34, 55.93596563125376
41, 60.119668459001446
37, 56.26352656039058
40, 61.79326709956706
32, 54.178836375459156
48, 63.871901865335495
34, 58.33609365879146
34, 51.260732137731466
37, 57.747606335088676
36, 55.065962312121655
32, 51.42219105063259
45, 67.1715206496754
46, 62.01632753034138
43, 62.506731191266475
46, 60.769354948649145
42, 59.770870847925416
41, 48.795511143985195
41, 60.342838394655786
43, 62.04230619656786
39, 50.11839519503381
32, 54.976146956765696
36, 53.525613952854904
39, 57.664527021928606
37, 53.9381231228352
32, 54.33649704075709
48, 60.00338891599486
33, 48.505976483847185
41, 59.381619900825854
37, 56.21780238810822
38, 59.29001658719667
40, 54.73624818888891
37, 58.49597177798091
40, 59.956679059404934
39, 59.69406082520484
39, 56.216274656861124
41, 58.49513803861497
34, 56.3305578880342
46, 64.05510138132357
33, 53.86987985051491
35, 56.714237561662884
42, 55.69765302337962
40, 59.69128400700404
41, 59.03551244500913
34, 54.738597897623116
29, 50.39730086265395
28, 47.26188235041641
35, 54.74926605275202
35, 55.95069854403701
33, 51.38979223765499
32, 56.54369138729572
33, 56.596145383056545
31, 48.35935084908828
30, 46.61484894579531
34, 55.8769864631841
40, 56.14483241156671
33, 47.05569073528742
32, 53.70395861086752
37, 58.806077578650125
39, 56.74350345053081
37, 57.00259538780973
30, 51.774488561229305
31, 53.2333260317521
44, 59.98516020804692
37, 55.96437066476417
43, 58.394048080686055
36, 55.91756302411961
26, 47.655691846615944
30, 50.772396180019975
35, 56.04776326670891
40, 60.848243741117635
37, 54.629609887458514
33, 54.67416989576536
36, 54.29606170362813
48, 62.09212258390237
42, 63.708277869361105
32, 50.678338341458954
39, 67.12125913296146
38, 57.41311997768004
34, 55.62194152244601
40, 58.86493175136121
36, 53.55099177338808
30, 50.14082926693181
47, 65.43792687910812
40, 52.96575415469978
51, 71.85739703245879
43, 63.618162937680616
34, 49.946480153861216
32, 51.566775701964374
27, 47.187270432260306
40, 57.72543715987601
32, 50.53195884698941
34, 56.8765125392052
26, 47.53305956691523
43, 59.80040351104461
44, 58.17408205750692
33, 52.064111011736436
44, 59.365274217824776
41, 60.52676258481139
38, 52.669790236496446
28, 50.06259842122345
37, 59.0565721000034
38, 58.66900843376468
35, 57.20326685101457
44, 60.321657700897795
32, 51.309631390259675
36, 55.548019897973575
42, 59.589705625853206
39, 62.31074310403022
39, 57.78279729309382
43, 62.277395479833864
44, 57.386521528038365
41, 60.617202141305214
41, 61.931232364655855
38, 65.00402788196055
39, 59.14312904579108
46, 62.21867332486768
43, 63.290373032943165
38, 55.88784375764498
38, 53.83229884555803
29, 47.11551377876357
40, 63.447370369091225
44, 64.14986466286474
31, 56.311031760901244
37, 57.114216358204224
38, 60.3714373297956
31, 55.93946847653193
37, 51.85511937817359
36, 57.77367219096619
27, 50.14609116354428
36, 52.814108358864424
46, 62.37827016415333
30, 53.670662414552574
42, 55.725240623556395
32, 56.30552562235052
38, 54.22876473272336
33, 52.02730960506459
44, 62.61197004328541
30, 48.241827684290975
41, 59.99591534827204
28, 47.219313085716
35, 57.321096665165896
42, 57.27565065054345
39, 53.67672344684342
35, 50.96526699724148
33, 56.559324417655326
30, 50.245673850873
41, 62.21498409642192
37, 60.4836911708729
30, 49.94812306866159
40, 54.21824404942192
29, 44.6172045837137
34, 48.93315258814155
30, 50.336494346114634
35, 53.08963985294961
49, 62.205514475817274
42, 59.60073624805361
39, 54.39597811798976
39, 55.17544354986163
49, 61.97950720323644
31, 49.448408026337404
52, 64.12262848840216
32, 55.22141566612256
40, 55.549445276658794
43, 62.30917019401221
32, 50.76988171455397
32, 48.69894315382856
41, 59.05812826831179
46, 65.5412396054517
26, 44.591964699586974
36, 51.7042225830845
33, 49.41847968904865
38, 57.035415736805405
34, 53.98222550620996
30, 52.11858898295299
37, 58.05163413855337
39, 53.717209522102046
36, 52.72033921135402
32, 55.44998776533697
36, 54.33744714442967
29, 43.93137742817847
27, 50.204582437943046
41, 55.66224106897296
47, 58.677488964995895
28, 45.925535032595256
35, 50.78250366326164
37, 48.96016200086212
31, 48.995895098148054
30, 52.62983439910546
40, 60.082605079478746
38, 53.86432176573029
48, 66.40097024017548
29, 47.27068594316213
32, 54.51670085393077
34, 48.57069337880643
33, 58.92716462331849
30, 46.00058968969903
45, 59.10108376466125
33, 48.514892518157495
42, 58.56632774042387
38, 58.85538337164964
29, 50.925136492029814
38, 53.48165167440728
22, 44.86419307938996
39, 58.37451397551872
36, 53.77676762077409
34, 52.849701943234045
34, 56.19336103361302
29, 52.97713954874967
37, 52.2544156990367
32, 50.23945357956301
32, 52.95739601780156
38, 58.886402731053856
48, 63.95726345091187
45, 64.69573319511308
43, 59.51464156802841
40, 55.35450966317533
40, 60.10863961761243
36, 57.705378088960636
37, 57.159084956816756
33, 53.288127913874085
35, 56.75561305509634
43, 58.542583502532594
35, 51.16712582067812
37, 57.22530845248494
51, 68.19425592167066
35, 55.54958854450686
40, 55.19336779906588
41, 67.03707886292146
45, 53.67157740824155
49, 66.50660392134068
42, 58.80299253076525
32, 45.93016838105629
38, 56.740982956941195
40, 60.44163503034297
34, 50.443513707953976
35, 47.440075257877886
39, 56.414542636901366
37, 54.40762844218266
36, 57.129085359932105
31, 52.785818292977574
41, 55.590462487746926
38, 56.93974779005102
33, 51.85275838850057
47, 68.85464632627722
32, 47.28184706205248
42, 59.272091743575814
40, 60.543266259567574
39, 60.758876748742836
49, 66.72982703597692
31, 51.47635039284786
36, 54.22303732317622
34, 51.47083135433606
37, 53.151161959742296
31, 50.66516127254808
31, 52.643602399108595
34, 54.95170861695489
33, 52.21613838009729
36, 52.337133767728616
31, 45.12400347386515
37, 54.919830162398995
30, 44.38495091513196
36, 50.154817054501265
18, 24.58579224662756
19, 27.427429276761046
20, 30.900132891034485
14, 22.068832038284924
23, 33.50457077357645
21, 30.430900823533694
24, 32.69678981449791
23, 30.305498823186266
15, 22.51120778844478
19, 25.919977758772337
14, 25.156765621050702
29, 35.82703019581496
17, 29.147641013803423
14, 22.653299779115024
11, 21.216602406627036
22, 28.071412990095048
19, 27.90784040801138
22, 30.57151149858566
16, 25.965833982452647
19, 27.032377051875688
17, 25.021622867239792
19, 25.912800218111403
17, 27.398013284848783
12, 22.75217517529572
19, 28.68181703631173
18, 31.36987802591822
17, 24.834498096621548
25, 31.71552361750591
13, 23.121975944798763
24, 31.817423678265364
20, 29.629436746427682
17, 23.104380264973457
16, 26.545798812931608
17, 25.956196794435524
14, 23.696391616002874
21, 30.671099267418082
16, 23.017095705891595
12, 23.681074517879214
20, 31.350517944719563
14, 23.591604416968707
25, 36.572318353737415
14, 24.588209324604414
18, 30.783677588981497
17, 32.3004065397435
12, 19.50987523094717
13, 23.969497163981206
19, 26.592320299739367
13, 19.6509500859505
16, 27.163273016976053
17, 28.39644533598254
25, 31.37574959795558
15, 23.515631448869183
20, 29.308935843138258
20, 31.50512027781144
17, 28.743295159149056
18, 26.48213994265353
23, 27.3206310878373
13, 21.953777214676386
20, 30.509966068332666
16, 26.07728887285378
12, 22.48211613101407
14, 21.522067669748694
17, 28.077985302623024
17, 24.943074116664253
17, 29.262544115335988
18, 26.44078809416907
14, 21.91677992906786
15, 23.352081472045334
19, 28.326337162589397
13, 20.577612114297253
16, 24.903898639331118
19, 29.330568922095377
19, 27.391867062481595
20, 29.7310362720944
18, 29.855313145360505
13, 22.518468217795416
32, 36.504172696783236
20, 27.538347947641512
12, 24.52948203093374
21, 28.365032831792902
11, 22.42486501908243
17, 25.938182218155465
17, 26.86712928663255
19, 30.756666862052544
18, 28.874035084966792
23, 34.208007095955786
23, 29.98167099995788
15, 24.21405070015151
21, 28.05794419151155
13, 24.921351259279568
18, 28.42746445073715
27, 35.46077489381894
22, 28.384797038714176
11, 25.268441546270473
24, 32.74897922434177
17, 29.352817388202517
18, 27.446197013054363
17, 27.949868465855676
22, 34.904873512143155
13, 26.875823032294935
26, 31.466782243084594
22, 29.98260187253126
18, 24.54298514586211
19, 30.156151771450993
21, 27.435056888550108
19, 28.63090798345102
12, 19.998043710956235
18, 30.020961119828
17, 27.776646170072326
15, 25.954598983081574
31, 35.974943257539174
28, 35.144525954702196
14, 21.617863540038986
25, 33.86167595152864
22, 30.35078336881513
25, 33.043288913330684
14, 23.63244478028532
21, 29.82820481442803
20, 28.910758855793098
20, 29.19354749165123
17, 28.140752451037784
15, 22.12244978802769
9, 20.484846903824657
16, 24.058048015761642
14, 23.3497282662785
16, 23.625991254840518
19, 30.57875866101912
19, 25.640186865384585
17, 25.720357666566123
21, 29.51855650959761
15, 22.303498002366542
27, 32.021718292174015
22, 34.25785772435661
21, 30.986743343775245
13, 22.149431339955186
14, 23.423029736482125
22, 27.32201592821699
20, 30.824273915877296
20, 26.897042762346853
25, 35.141517313828025
19, 28.66283370217133
25, 36.37007576041036
15, 26.77783809718765
20, 30.548917898771517
26, 35.063898425952814
12, 20.10329607882139
24, 29.2593982414228
21, 30.664600261225683
26, 33.49262775177471
25, 29.178663499169673
21, 30.695844714383423
23, 34.73441880121957
21, 29.545572934492583
18, 27.320548749271026
22, 31.325444652635706
16, 25.0765947886666
7, 19.788509196245307
20, 28.839550669126425
22, 26.53198174356433
14, 25.109615148934193
28, 34.55655272050858
19, 27.634067338286165
18, 29.61285024347173
19, 25.622072134655546
18, 25.42995750379714
18, 28.451754047640975
28, 33.37430232894455
21, 27.540308867085404
18, 24.48332431247364
18, 24.967011550825127
14, 18.568357863524348
17, 27.863819070118023
18, 32.48782068064288
24, 33.70512509412899
16, 27.1910064923937
24, 33.13149064688045
16, 30.419098376822966
13, 22.2268823563793
22, 31.34918002849884
14, 24.435103488179237
19, 26.83729904952308
17, 24.002847227953204
28, 38.7641220714676
13, 23.20934445596321
12, 23.688052002261152
24, 31.90901510981611
18, 28.68738238516824
20, 28.252641015658547
17, 25.6915117033656
15, 22.715345983435153
24, 32.10832718351748
18, 27.624061963560646
20, 29.306064353152856
12, 21.49749913831752
27, 30.73774465275318
15, 27.481550769467418
13, 24.06380732379636
27, 35.28986625713019
18, 27.500159044153445
15, 25.009744208885817
19, 32.01162695444757
24, 31.48440876876323
17, 27.349559129781763
22, 29.615385030391295
21, 31.193564923109083
11, 20.33754235078706
24, 29.421806728557566
16, 25.498466051496752
18, 26.81816992871179
20, 30.80914557448736
18, 26.342106150675317
15, 21.12741402901252
21, 31.853010587542062
26, 34.54760221115905
22, 33.31816566871741
22, 31.443199545490693
17, 27.362092132957287
15, 23.840376457224018
24, 33.918381769170146
15, 27.697147006459915
22, 27.600163229391928
24, 29.90816635951336
25, 30.69516799774854
15, 24.405017662394012
21, 30.96345471470328
14, 25.782660676499013
18, 28.5249792739358
13, 23.674934329252483
15, 24.118556376824465
18, 30.597468289516087
21, 28.015995721423085
24, 31.823801836387243
18, 31.178587535261777
20, 27.791876221067607
17, 28.80556431281754
13, 22.724561684468878
19, 26.15037176760569
23, 31.30516268802688
14, 25.947593133458767
12, 20.5176699402366
10, 18.735325527966626
24, 34.819241777668815
15, 26.91688801088818
12, 25.228779779499668
24, 31.41592099186187
18, 29.386969404756716
14, 25.57911766219925
20, 26.817394024397633
18, 27.35242959323255
19, 29.767486460410954
18, 27.573243892147143
20, 27.05311404667168
20, 28.56447416346761
19, 28.243747603472674
18, 25.923296207624915
13, 21.177929343532934
25, 30.183408742966783
30, 34.219545777828195
15, 22.72584897343148
17, 25.99880628970399
20, 30.215869667624794
23, 28.465918642820494
16, 22.606994663664754
24, 33.32622694269465
18, 28.114037381081314
15, 29.40392470859951
14, 26.765725666501922
15, 23.602860466284987
11, 19.465489586543942
13, 21.382264276840537
16, 27.225953963318602
19, 26.808375340520552
29, 32.53299330933238
29, 34.334147388585826
11, 25.711253142590053
17, 31.32619958275452
16, 21.621262680365717
19, 28.47326337572612
25, 30.12178282062914
15, 24.369386210869006
18, 25.100776791288048
18, 26.670372376517893
16, 28.11649576623602
26, 33.108513346462736
19, 27.3306140070276
25, 31.020365099788258
17, 26.78368525874692
15, 25.230001457168967
21, 29.912902473288625
16, 25.72836010394483
16, 30.382147168801534
14, 21.607095311224715
14, 23.692418485924374
21, 30.97923339751878
16, 24.178545789168247
19, 28.232273146278196
7, 18.647449783223838
14, 20.686873336131384
16, 27.449500211191868
18, 29.175360568808557
12, 24.04615784973604
18, 29.679147242258924
16, 22.62091923122579
22, 33.08238515934346
19, 26.107643989547537
21, 30.48353285537998
17, 24.936673315378137
15, 27.063093971183985
20, 26.83303605406198
18, 27.387989866283753
17, 22.8961967983981
18, 28.96345539304364
23, 29.71489788009122
12, 22.90891597087842
19, 26.81598162042222
17, 27.0437683131843
19, 28.345803071544626
13, 22.256126089294142
20, 29.325615441074106
16, 28.976064122287575
23, 32.72563181055615
23, 29.47578364701067
22, 31.801261153777222
23, 32.87302404048317
24, 32.64506440243626
22, 27.368625517974046
17, 27.293198229821144
17, 27.10788979074953
20, 28.856738079750162
20, 27.6435066288577
16, 24.421972258178766
24, 30.26854868672393
14, 25.790002009721427
12, 27.072519184962268
17, 23.22874227519189
24, 31.50176753524879
13, 25.707127935174377
14, 22.937824962793375
26, 30.48739428763241
21, 29.042218343278037
17, 27.11546107687013
23, 32.21897915280919
16, 26.849052380328505
15, 22.936128893101714
25, 34.04247043537769
13, 28.03803664083475
14, 23.297471180999086
14, 24.740545905516463
24, 32.31906852710137
17, 26.410267249130925
15, 22.80027589638295
16, 29.61654545558278
13, 19.027504018995828
13, 23.911547482629537
14, 21.757730279413074
14, 23.131344556672616
15, 26.39676307652022
27, 29.851483756421786
7, 22.593176906167404
23, 31.38946691398482
12, 20.162128305367652
21, 28.87619716793223
16, 22.8857749530033
20, 28.831508774894893
17, 25.20358108456394
19, 27.202493534652934
20, 30.347571461495484
17, 26.56919795371785
25, 30.5223508131832
17, 28.308999465475637
19, 27.647001194852276
18, 25.732970647685033
15, 28.821289184657594
13, 23.365667945136092
18, 29.725558585217318
14, 24.96746824046819
26, 34.507213639136026
19, 26.751717416591024
15, 24.289336461984494
25, 36.42297939647643
24, 33.99036830223572
23, 32.9433703893767
15, 22.62390696571451
18, 29.008868703269986
29, 34.2760130839843
19, 27.556858670797087
29, 38.7962329705562
13, 22.72935322749968
25, 37.62249422089006
20, 29.06693220841206
14, 23.21483756105897
15, 27.01522833547406
12, 19.86648796832128
22, 28.388136782297618
23, 31.342347672147955
19, 32.06294974075538
14, 24.619697805329313
16, 21.269471976025628
20, 27.82704625609974
27, 36.563103082191965
19, 29.514874835704298
9, 20.263352006340995
22, 31.720943119786003
18, 27.51436604731258
23, 30.37846115920714
20, 30.47858135297832
13, 27.352333739626598
20, 30.03686899327639
17, 26.382734605281737
21, 29.226956457843375
15, 26.874700726713733
20, 27.541726802353924
14, 23.044032462502354
20, 25.914263008926927
17, 27.041015054298544
17, 29.425751039036925
19, 27.692659201223332
17, 27.802252226402747
15, 28.447108724352585
22, 29.936354214927576
20, 31.478622274788627
23, 28.527172075991
24, 33.612725261589965
21, 27.679848770906226
23, 29.005581330994513
13, 23.10233957175254
13, 22.01105425309006
21, 33.85218935366206
13, 23.041207941327492
25, 31.224287782162563
19, 27.914517197185315
19, 28.218360205063945
13, 20.5364360757401
26, 33.225724141824635
17, 25.18500379362867
19, 28.417578882491974
15, 21.41440811227349
21, 30.826394565405344
24, 30.697078452707625
21, 29.51228314132461
18, 32.13371344907332
18, 27.639462016479865
17, 26.612479857846044
19, 28.927989828045526
28, 33.13292740142587
19, 26.02892352194611
25, 34.3122121673287
20, 29.07464970666649
18, 27.403847969294578
18, 30.83518595522567
11, 21.354347420880654
20, 27.23679400815124
24, 32.77381841997887
16, 22.034354335884146
13, 25.471693865429483
18, 27.974963458319024
14, 24.705570023043315
13, 23.14026463399679
18, 26.545820558597352
20, 28.897859405508733
19, 27.715984037127054
18, 28.209581408961864
24, 27.253268748481474
14, 23.10986988605121
19, 28.807273104005098
15, 21.17564928476426
25, 34.57270263636882
21, 29.492899713791193
15, 26.853133746774702
18, 24.61673615220591
18, 30.4962645719295
18, 28.455030648834672
24, 28.50043665641485
19, 28.885506876763937
15, 26.068766367778437
11, 20.048988653565402
16, 25.42917314673159
17, 27.18917290771464
23, 29.98907422890747
20, 27.886068581339437
21, 27.923852968334035
21, 27.03943372353343
17, 26.128427869635484
16, 26.98180326178526
31, 37.611520720996
21, 30.25014258461213
9, 20.660732495732923
16, 25.170403081496175
20, 27.35803116678775
19, 25.634308761105654
23, 31.800583360549318
19, 26.70503080364795
13, 22.294504670140494
12, 21.5754304042082
25, 29.847675760804858
8, 21.030499833098652
14, 25.721871587193288
15, 27.07706730688349
15, 24.04977660440839
17, 29.029175111728783
6, 9.78478325964503
8, 9.848591888669313
9, 12.932979737871161
8, 10.523874562726595
7, 10.17461826831205
6, 11.004887494337963
6, 10.494809357872589
6, 9.391956691457644
5, 11.110520591887068
6, 10.733856192870737
5, 8.556939876846634
5, 10.561603752282288
5, 9.085303294941067
10, 13.802178265377394
6, 9.943753499759326
5, 7.757492115170106
10, 10.650240399720003
5, 8.440353129925503
8, 11.765104017940613
11, 13.990713995437046
5, 7.385770983910127
10, 11.586125657127448
9, 12.646620791581686
6, 10.327571843750466
10, 10.238454281184236
6, 8.775887530584935
6, 11.016982155316771
8, 9.658975820262457
11, 11.525302596382257
4, 9.978252955357595
5, 10.633031147119386
4, 6.609616763688963
10, 12.208503612555061
7, 9.301572497608909
4, 8.629318737990678
15, 15.874444346357514
7, 11.64453018020132
6, 12.187679658541269
10, 10.802246018647175
4, 5.5969593184798185
9, 13.204385501540857
6, 11.515071828010583
11, 14.985650894051709
5, 9.950524132805485
6, 8.971381998478948
4, 7.557429384106621
5, 9.91254559402404
7, 12.285816486137549
8, 9.984619644893238
12, 14.701333879118314
9, 10.179702943180846
11, 14.275011607930223
6, 8.48304221809432
4, 9.46838199285668
7, 12.367546974351896
4, 6.695507277751912
7, 10.732080866588698
5, 11.226636404531867
10, 12.872002693329136
10, 12.067029649756522
4, 7.020238062745226
8, 9.872465259796359
7, 11.47955383094196
6, 9.455739315190307
7, 10.041875956165132
8, 12.266992125045228
7, 10.848276142811105
7, 10.637036080318643
4, 10.445841641506137
2, 7.39736414551173
10, 13.008834283831183
12, 13.406007613405093
5, 10.651250543889454
13, 18.512486340884514
5, 8.16820083018804
10, 12.654675910980712
9, 9.300023259799543
5, 7.633804592263794
3, 5.995806361507373
9, 10.790647881233902
13, 12.804054641568996
7, 11.065957363867993
6, 9.581254831761242
8, 11.234519040745994
4, 6.694612018472756
10, 15.29780666675461
3, 7.015197733096033
14, 15.287717714968812
9, 11.691804152033772
9, 14.460604117580711
4, 8.093913118116927
6, 9.898148941692154
7, 10.577059896550413
9, 11.838544934283638
10, 12.43409900235655
10, 13.384195185667078
6, 7.713465528534288
8, 11.139781036937688
5, 8.341439518729997
8, 12.639546492941063
9, 13.419290063843713
7, 11.662838832028548
3, 7.797948437780493
11, 13.551841391270536
4, 7.32265070991101
10, 12.764625363345495
13, 15.439915356329685
5, 8.906419997779912
6, 9.02668418524525
6, 9.33627661678304
10, 12.234333952799483
4, 7.083415535745147
3, 9.571323728632935
9, 12.595948453483105
9, 12.54625719521228
3, 6.7092897937439115
3, 4.539926683770774
6, 10.704899319293498
6, 7.991414691171482
6, 11.554386413948334
7, 11.023765826470752
12, 12.66874278439101
3, 7.247301753736999
6, 10.733168691055818
8, 12.060973591987864
8, 11.576077665244734
6, 9.215110931452902
5, 7.653283544111029
9, 10.843546884869143
7, 13.380284983419068
14, 17.245854029844722
7, 9.870842897542646
8, 12.19822738408429
3, 7.373736531650767
9, 13.581800934692914
12, 12.129495544536464
11, 14.26490448778915
7, 10.366590236095877
10, 14.310212609178103
15, 18.2905181202412
5, 10.529384559272494
13, 17.084696880336143
9, 12.05928179903856
8, 9.778254706589616
9, 9.242625755450355
6, 8.914895888174687
5, 9.004086389476038
4, 8.935101425849757
6, 10.383258778185137
7, 8.909733972328599
6, 9.180163615625132
6, 10.168689064535632
9, 11.977573657719736
11, 12.688172754047864
8, 11.989126375710118
2, 7.880779268529802
7, 9.951108419833892
11, 15.315248293661927
4, 8.014948018409596
7, 12.124473812351987
7, 10.809424746507094
7, 9.23477378928549
8, 10.841399284494779
8, 11.636489660538778
7, 9.96999974639026
8, 12.333704884024893
4, 10.571836948632482
4, 9.95926764301562
6, 10.018678483453074
9, 11.554889883628405
4, 6.1733712606956095
8, 11.843896476342046
5, 7.369251178597124
11, 13.406634845973645
5, 7.60250014462779
4, 6.963174838757483
6, 9.43966503882021
7, 11.964090561376402
8, 11.841627055214804
5, 9.814034125648964
6, 10.455920260866465
7, 12.516166284809023
4, 10.465202920571558
1, 5.902588127002987
3, 6.46530004466696
5, 8.798063702661649
6, 9.658863179157049
10, 11.827343601509773
10, 12.730825760849903
8, 11.45774476138393
7, 10.086949394779342
16, 16.53860933426604
10, 13.022133715774698
5, 9.989356864125549
8, 10.88585916612283
10, 13.175072968423933
8, 15.664198880886113
4, 10.011264623246479
6, 9.53740282480985
6, 10.121672265635837
11, 14.157240989143935
12, 13.519706746074332
9, 13.058626707027088
10, 11.63765803745415
10, 13.21223992432281
8, 9.831258420281815
6, 10.654039711042945
6, 12.928706451491175
5, 8.889100441490134
4, 8.938796994663576
6, 12.200237741878386
7, 10.465245379053595
5, 9.935787834323994
8, 9.295709938848244
8, 12.973028030865741
9, 12.677598843765324
12, 16.052800612748864
1, 7.923897327793807
7, 10.898238131337385
7, 10.616033880527569
6, 11.540257329833668
8, 10.967115097271211
6, 9.481112653943809
13, 13.155006967986406
8, 11.568296336698326
7, 11.699818366449461
5, 10.100298939357389
4, 6.920056216246944
5, 7.3863870244883065
6, 9.428959344806094
7, 10.523443795269241
4, 8.189314944274143
5, 8.638056503522286
3, 7.85051757554946
6, 10.085501139847423
2, 7.810560412016725
6, 9.958756419118725
6, 7.260776156439132
9, 11.124610188116867
4, 7.490214198501433
9, 13.593231874344095
7, 9.778300463515487
8, 12.376738877619044
11, 16.243965309210356
10, 9.901126580005258
5, 8.881567421082845
10, 12.505524204920071
7, 10.06594877666769
7, 9.303541599098544
10, 14.137747476971807
10, 13.461452480676007
9, 14.37673226503147
4, 7.6968631520103745
7, 11.03088260947381
9, 11.468021488128747
13, 16.54175991339564
9, 11.057244834943655
9, 10.383538489198473
9, 13.049469911850291
8, 13.137694334609748
6, 11.82732963026737
6, 9.376815091558031
9, 10.162058875836271
7, 10.206685857612518
12, 14.374602263483325
6, 8.782102374879424
7, 10.545226193568197
4, 7.992157333393316
5, 10.28564341192597
5, 10.096000403151615
10, 11.986724294520766
7, 8.741956942550736
4, 8.875510567674091
4, 7.400855546295432
10, 10.963592276389381
7, 11.172457794836914
5, 10.413282065027342
6, 8.394588727871835
9, 14.628504381515532
8, 9.779882490382642
9, 10.919050336553513
9, 12.894533628715433
6, 10.248158232751875
10, 10.908158388903143
9, 13.642447593582856
5, 9.055574973289499
5, 10.66257056163108
6, 7.123271866946525
5, 10.247736122106135
7, 9.352982799795878
1, 5.871764930079452
7, 11.49499309877765
7, 11.01694321661535
3, 6.9486775546231945
6, 10.785326563190198
2, 6.741197306249962
4, 8.111472768726177
6, 10.629826242711191
5, 11.92010392261878
4, 9.428144555383081
7, 9.363299474250315
12, 11.655791115009416
11, 14.050276422806077
11, 15.650340045083544
6, 9.717595118041654
6, 8.887002750242115
7, 13.989317821158213
5, 6.829383933160825
9, 10.13800713908816
6, 9.43965189564327
8, 12.273514850100188
3, 8.532680565897966
5, 9.640540134620192
6, 8.407732054812012
8, 12.333877562678758
3, 8.450149751793553
2, 6.6415937475835936
6, 10.754242166434727
7, 11.280952447339203
13, 15.270014860760922
9, 12.89655022543356
8, 11.46997800965524
9, 9.001196399659806
8, 9.993516794194253
8, 11.197031139910873
8, 11.391001345454205
10, 11.678498406777132
10, 13.812162098718357
12, 13.102829630422729
6, 9.63101650709438
11, 12.157795052398182
10, 11.468297967093703
4, 7.708531603438612
3, 9.888676850404176
4, 7.65802972294197
7, 11.934162023573753
7, 11.067135117489144
10, 10.722380705427978
6, 10.250957189949803
9, 10.089465474610751
14, 17.413213248871596
11, 14.121703298535754
9, 11.430815503592287
6, 10.456220590547954
9, 11.019021452203727
9, 12.063414148940746
9, 11.739078609469015
4, 8.700714707100538
6, 10.644317795665874
1, 6.6676211473722375
4, 8.719815600306717
8, 11.446897150124911
8, 12.202263324412495
4, 6.518470379911042
1, 4.306099475933604
6, 7.753989457558624
10, 10.813001981140518
11, 12.726336687389074
3, 5.322039362870461
3, 9.226613369265849
9, 11.08511986038233
14, 15.905451090537875
8, 13.185117268884994
8, 10.209464160323988
10, 10.510170022864882
10, 13.462187650349982
5, 11.33092476927028
5, 11.336004203309983
11, 14.490789790306362
9, 12.405166888809578
8, 9.707690082265602
10, 11.808528870706615
5, 8.344145908537577
8, 11.390279495636992
10, 14.503485622718557
8, 10.271743007751574
9, 13.339483287529152
3, 5.3938722349861505
9, 11.384571206881557
6, 8.832784224431895
4, 7.111676079601812
12, 15.535503515326724
4, 9.565694083789124
9, 11.258949714109812
6, 9.355482511771662
10, 12.643635705473983
4, 9.660536654250972
7, 9.376021657972892
8, 9.945246288453653
7, 10.506547415964128
6, 10.13992205103322
9, 11.887475083747386
4, 6.591961918263874
4, 8.589664773331794
7, 11.06335038480874
6, 9.606733345765523
9, 13.403117658854873
5, 9.289475047447311
4, 8.955235952045442
11, 12.443737889893072
9, 12.19785296233431
6, 9.570159260563129
4, 10.119659907707275
12, 13.223156656393424
9, 14.9860080652882
4, 7.0229348505088325
5, 8.14958743292423
5, 10.257910079879995
9, 10.009703290758479
7, 10.406524085858628
4, 6.573485117828863
6, 8.558892522407778
10, 12.714117893561792
5, 7.682264699330823
8, 12.29625987846729
5, 10.862227743213328
6, 10.103447459232797
6, 9.89163139455591
5, 7.645544803356656
7, 12.326090317675613
11, 13.641580613998253
4, 8.148435731989766
9, 11.967333278645938
2, 5.639622032904991
10, 11.248670051137132
6, 9.054425841223217
10, 12.58498942188101
6, 8.801193973640896
11, 13.966580656379746
12, 14.547577339737519
11, 14.31875983798947
5, 6.5061639190557425
12, 12.08219867050655
3, 6.113200547369683
7, 11.296027353406952
5, 10.399029355477364
8, 13.376304461360787
7, 8.33831094572804
8, 11.594988600512156
10, 11.303081586513997
5, 9.195276392403246
11, 12.4917872289111
7, 9.32712230941332
10, 10.774715923405235
9, 13.460678780678922
3, 7.499775137712597
7, 10.895300148961018
4, 9.58833524341971
5, 7.484680861116791
6, 10.687401127716425
7, 10.7219468527194
3, 8.246904467374016
10, 12.987717233891063
7, 9.553246753848182
4, 9.694472308378227
7, 9.813069968579924
10, 11.932543847599248
8, 13.413111472685088
7, 9.668394786438698
7, 9.95005528060696
4, 8.435986666794445
7, 9.727726923553094
8, 12.738860851675964
7, 8.73999803236041
9, 12.334764658651247
6, 10.290188126054415
7, 11.50220211319999
7, 9.224327027100074
4, 6.2443700555554065
14, 15.448224652966484
7, 13.246891358147257
8, 9.971179617303225
6, 8.566336049516707
7, 11.687568482774722
8, 12.534756255730288
8, 9.772098319062772
5, 9.107358704792263
5, 9.755432023152942
13, 16.54335865461963
7, 10.760394630377025
3, 11.851838922394746
5, 9.907829698872987
5, 10.964424874547765
10, 12.196857055581075
5, 11.098916524528104
10, 13.90244088750348
2, 6.135806778823988
6, 8.170270004037912
3, 5.690853721408077
5, 9.70835028303767
9, 12.611774030203513
3, 9.31448189117356
5, 8.02872655458055
13, 16.387478532333628
10, 13.738583454905825
11, 12.64829360710251
5, 8.727873691407494
8, 9.953575144491417
5, 9.041091970273907
10, 12.824433059327296
7, 10.135172903921903
2, 7.276997801072669
6, 14.270600393993911
10, 11.718677936813986
7, 10.9123723590433
5, 9.267511038220562
11, 13.875997250621792
11, 13.095730222747324
7, 9.03966792371759
5, 8.918916920361186
7, 10.845682345069735
7, 10.922483886216831
7, 11.100966800016831
5, 10.428382186817473
6, 9.742096668446843
7, 11.453323144762887
9, 9.67446600850602
7, 10.751984554210496
6, 10.532937785971537
8, 12.929595886873097
3, 7.352788427323041
3, 6.876518289281997
8, 12.164638500597142
8, 12.021839538645297
9, 11.695046653779666
3, 7.876367843564498
6, 8.963693053347614
12, 14.4568144618772
4, 8.027064170229812
11, 13.706148483227619
3, 9.617748554862079
6, 9.4375985881973
6, 7.624648511470446
10, 11.960962313953992
6, 9.722511128939372
6, 8.845257105839995
11, 14.938537314631679
6, 10.621807247316934
7, 10.170416112549592
11, 13.773076443069792
9, 12.857829901991431
8, 11.651401986139339
6, 9.386782855114499
7, 10.143417106407021
11, 13.750949178933146
1, 5.590369799751611
9, 13.146493421141844
8, 10.489628312233888
8, 11.213517659222353
12, 14.79322619629078
5, 10.042314583924101
4, 9.87534337365003
8, 12.140502105917143
4, 7.333368426957391
9, 12.847479988379524
8, 9.114032381740428
7, 10.333839974875147
9, 11.058461693112983
6, 9.064116300952856
8, 9.540935338342338
6, 9.835983674209706
8, 10.860850023261818
4, 8.356751450092888
7, 9.743563065388305
9, 14.282604565674614
13, 17.72404190392156
6, 10.204924691520091
12, 14.840259996526598
5, 8.090410179194741
8, 10.943025592095035
6, 10.009037862246005
8, 11.274545612906284
8, 10.188002852023736
4, 7.239433706208434
6, 9.955964539647157
4, 9.699844515643173
5, 9.299605807500944
4, 6.547332950514846
9, 11.139107418193417
9, 13.579376441696859
6, 11.62233249472969
5, 10.366220995582726
10, 13.961284211253497
6, 11.22259962585886
8, 10.960489489698642
8, 12.04734320088975
12, 12.684100301266707
3, 10.021682715172604
3, 8.607465563549324
9, 10.873053978713843
11, 13.730728660249255
2, 6.3278832900380575
6, 10.593851165735396
12, 16.896340335627066
7, 8.939253360502292
4, 6.769130283877352
6, 11.054137548555858
6, 8.214229437292246
6, 8.600385113726796
4, 10.022022549180294
6, 9.661885616707988
12, 13.836556029440022
10, 13.488333029932992
7, 13.986904256413684
8, 9.185998054082546
9, 11.969332457243992
6, 10.583084044806395
6, 10.315895138238712
9, 12.591111598030981
11, 14.451903255349466
5, 7.2804342611997
7, 9.272409258287478
8, 11.29271037259734
7, 10.515072829188979
3, 7.55709001049344
12, 14.512248371065107
6, 8.389706304671686
7, 8.527060332474163
10, 12.695099784460734
6, 8.748198608582017
4, 7.3626715530064795
10, 10.241197062921698
5, 12.904834440819156
8, 9.970883280028362
7, 14.258821680346106
7, 9.06906988524046
7, 11.191500924203682
12, 12.292500630508432
5, 9.052964130055956
1, 8.605977676880212
6, 7.960921601943961
12, 16.953578304200988
6, 10.799660186451675
6, 11.810694892857683
5, 8.810809283569503
8, 13.488592350331988
3, 6.909175216998576
7, 11.677532256021498
9, 11.00661829925261
7, 10.995409456084873
13, 15.680775083951717
7, 11.005830322441344
6, 10.05173059977828
8, 12.07208079448249
8, 12.707910871689885
12, 13.732380918677926
7, 11.277534059745898
6, 8.309328655245077
4, 8.900745454368447
3, 7.158661309168643
11, 12.311863910882426
7, 8.815798173595715
7, 9.654149280010865
8, 10.850432620138479
7, 10.613107252797766
9, 13.985591201771507
11, 11.630802109512526
5, 8.643922089464152
10, 11.893498881895622
11, 12.61601067619608
13, 15.066541513568808
6, 9.141134529981583
7, 12.687532665740115
10, 12.230197799165758
5, 9.246999520027764
14, 15.913709182642318
10, 12.165543158710271
10, 11.48994131917075
8, 9.571400832362032
3, 7.4041624949123515
6, 9.511669752520806
10, 13.360347096821792
12, 12.92381989979715
4, 8.987323679233818
10, 10.959795046643933
10, 12.680762903596987
7, 11.21797193244875
5, 7.667404050907806
7, 8.82929396987004
8, 10.72339046527589
3, 7.536346028915663
7, 9.659875202919471
8, 11.94480766557924
6, 9.262492494809713
7, 12.228560767763742
6, 7.378742274923174
8, 10.152792468337033
8, 11.092340829238086
5, 11.724680720721834
7, 10.20163344682485
6, 8.700774894495863
8, 11.713184656425833
7, 8.695844548179785
7, 9.547373043667807
9, 13.9190629885727
8, 11.455547036812325
10, 12.627797502328615
7, 10.489450759752811
11, 11.509405062835482
6, 10.31964167855319
2, 8.373084305806827
7, 8.93105867145619
6, 6.782071180974187
5, 9.089554598671661
3, 7.286403514482451
7, 10.501775612648082
10, 12.09027675692815
7, 10.482972830478428
12, 15.048059000218784
10, 14.384842125957482
11, 11.03675250960349
7, 10.517315728170733
7, 12.258022420911901
7, 10.05282066372455
12, 14.767713112352965
3, 7.510559124134584
4, 7.480461537559022
10, 12.87636955472349
9, 11.39611036466389
6, 8.783171968113582
10, 14.11900805909095
7, 8.469922078652544
8, 10.002598645788675
9, 14.8303910743576
6, 10.716941919192003
6, 7.4351902526464135
9, 13.802562398063445
10, 11.469416317531259
13, 13.955430067854834
5, 10.041645487485386
6, 9.642156025964484
6, 9.24336819489141
6, 9.74686828577872
6, 8.631982513058933
7, 11.590827404203594
10, 11.652888370893397
10, 13.876883791742653
4, 7.524981814444269
6, 9.473374650779139
5, 10.153786554519693
2, 5.269612542512173
4, 7.377108823996422
3, 7.773115110831654
10, 10.592256325969831
4, 7.64451396077443
9, 11.968749829992609
10, 12.716924277727028
10, 12.537721414274962
9, 11.165564761680654
6, 9.727147096733374
4, 7.569697023783142
5, 9.20906210687
10, 12.552719301064494
6, 10.017318525144024
11, 14.78548379857394
6, 10.360296419260015
7, 13.355109404642722
10, 10.956927186746828
8, 10.696490851953534
7, 10.9615206205872
6, 10.73647771515121
5, 8.492285343879836
12, 13.909508470977473
10, 13.946556992336268
10, 13.13279136840683
3, 7.544679468633401
4, 7.854964947994032
5, 10.153795568580062
8, 9.62028866514785
7, 10.732031854461715
6, 8.441906899949755
9, 9.727684009231846
7, 12.264915579950364
7, 10.541893612971807
7, 7.687711393008346
7, 11.434122891513717
8, 12.565486914733672
8, 10.410977620333833
7, 9.45087304252447
1, 4.3248124137457555
5, 8.981530032853376
8, 11.733539993773162
11, 12.764039871226588
4, 8.286563780833498
6, 7.764646134449354
7, 7.923430311357562
4, 7.1657722897024065
9, 11.7350232268068
9, 11.425728420119531
8, 11.739275738515857
7, 9.107355678213423
11, 11.903558554874067
4, 8.1685833458887
8, 13.406169347551748
8, 13.579695817149794
4, 9.523713209841123
5, 7.795910765050522
5, 9.188114806128754
5, 8.882659204846973
7, 10.088026000838479
11, 14.987950237338461
10, 12.357888974683172
6, 9.860175278246299
7, 12.096552856781871
8, 12.128858070763188
6, 7.5340313946808735
10, 13.449231142031529
4, 7.38674199301608
8, 11.296302376950104
5, 7.499340764791346
4, 7.399932342925717
5, 10.781034893665765
9, 12.699563456383537
7, 10.620103563803234
4, 7.851439257130546
6, 10.154789581897216
10, 12.267179140483524
6, 7.985681171407789
6, 9.85800032174836
5, 9.605902425922178
7, 9.64668572627362
8, 10.62304739297424
5, 7.452760625757507
10, 11.943232138485318
5, 7.629987695762423
4, 6.7833804417635815
5, 9.727744815870471
9, 12.327697875760117
12, 14.225493994690536
7, 9.914195713542194
10, 13.60540198141447
8, 12.161475938318276
4, 10.032530296921319
8, 12.902519125804211
5, 8.836734190256147
8, 11.542614394893253
5, 8.240614941648808
9, 11.61802744597768
7, 10.877824661488209
7, 11.142564160673693
9, 11.359563244786935
9, 10.692450517100598
5, 9.09272604133788
8, 12.179901036428381
9, 11.338590373874334
9, 11.818409703022157
6, 7.311164742956406
12, 14.06951416284856
4, 9.582538869141771
12, 12.985013703203785
5, 7.408570004924868
12, 15.660967160377272
10, 13.897194195971167
10, 11.804882791649364
5, 9.57136580903135
9, 12.240405581901323
9, 12.076280683066939
6, 9.02449643433786
6, 6.971205757378854
5, 8.474537937205461
6, 9.101557464193387
8, 14.053573495127939
8, 10.890433331214899
8, 13.730201658023226
7, 11.284921782282293
10, 10.816684458745558
6, 11.477275445900498
9, 12.246400626350425
7, 9.623001286059608
8, 11.902989940352972
11, 12.02770440032606
2, 6.119334935344669
9, 9.096340082178973
8, 11.600074839936747
8, 11.37549310736992
7, 10.067293028594806
11, 14.34661568773284
9, 10.494050565941142
3, 6.6395316476676705
12, 13.163081950956792
9, 12.173707371164612
7, 11.606088515976936
7, 11.620604834242464
12, 15.77233866806108
10, 12.699995681502205
6, 9.475457959980501
5, 11.102637589630033
8, 12.307318123407311
13, 14.96228852733889
6, 9.395474830011045
7, 8.693242548908366
7, 8.656723729253136
3, 6.4328726604177415
4, 7.926475055189549
9, 11.283375492662199
10, 13.045809280961752
14, 16.682879289165214
6, 8.993805720827384
5, 7.449549815293119
6, 9.316160766894747
6, 11.543141566437038
8, 11.15247685560819
7, 12.594616796786342
5, 8.309138531579448
11, 12.07328180931674
4, 9.085708883323997
7, 9.072827017380028
6, 9.393695815423966
5, 7.164220154588503
12, 16.344387210316587
5, 9.585937552323717
7, 13.083916313603453
7, 11.52535725157092
5, 8.563408499316044
8, 11.246929217234756
5, 8.835070368154891
8, 10.182107727661164
3, 5.928272816524987
6, 8.140206313938634
7, 13.023541015462662
9, 10.829521068824759
5, 9.907819142529483
6, 10.283801541822461
5, 7.7438817840420935
10, 13.45547598588455
7, 10.838741392751643
8, 11.775928023367698
6, 8.714874194662075
12, 12.971164695963038
10, 12.824254004848886
4, 8.563771360532883
12, 14.810507635152023
8, 11.991218873852592
4, 8.018222949517625
5, 8.316694704486363
9, 14.108324293343161
6, 12.167450144191223
4, 10.927252417540723
4, 8.728377998835462
7, 13.355829614665282
4, 7.946780634989455
2, 9.019782068780748
16, 19.37722595003397
11, 12.39129842335688
6, 8.899383239171982
8, 11.025482371558434
7, 9.5063819245283
4, 7.248942394807876
7, 11.213807887273587
5, 10.809687976783735
9, 13.150021357757597
4, 9.199791002587771
6, 10.617530468193719
4, 8.402830913498306
9, 11.479006670090179
9, 11.397537446100904
13, 13.609497751821394
10, 12.689653439139315
8, 10.337102577562884
3, 7.591738559989093
6, 8.616314762252955
6, 7.245196050572276
6, 11.35940920944847
6, 11.008354751562404
10, 12.255181776043862
8, 10.995523128446566
6, 9.151793702242795
5, 9.131723114064789
10, 13.080057213254372
13, 15.909380751274433
4, 8.448907483627446
9, 10.185737031517991
5, 7.438701465621994
11, 13.955846470688993
6, 10.668183433602694
7, 11.277508560290578
5, 8.022855005666639
4, 7.846798196893456
6, 9.645820765774669
8, 11.060456382354827
8, 11.654754187406848
5, 9.217488028206397
9, 11.573686709372069
9, 12.5575557138356
5, 7.860211155686274
5, 7.591466917351915
11, 14.643652334004393
10, 10.419484131124763
16, 18.380188163487645
10, 14.298287351767932
6, 10.974590878987794
4, 7.404333436180327
7, 10.49721402088417
9, 12.71660232377288
8, 12.445461005869175
10, 13.541680396922546
12, 14.161854408454998
5, 10.79257639720305
12, 12.997882748434693
8, 10.753077592486994
4, 10.381045915330475
6, 9.383212242160596
11, 14.327132594491953
11, 13.812458709488373
5, 12.086263610727096
6, 11.473952024711618
8, 8.392559802649526
7, 8.42093478773548
8, 9.172102432110968
6, 10.73922684620782
2, 7.989327570557832
2, 7.453293413441482
4, 10.405296234364005
5, 8.032412673355529
9, 12.429988712871202
5, 8.883712234765298
2, 5.4983314401321
4, 7.325708531378877
11, 12.888102198111605
5, 8.773102415185889
6, 10.333716240520236
9, 11.410537736970783
7, 11.773412315955929
6, 10.392997290749955
6, 10.658828141123513
12, 13.61448033712127
6, 8.827269494268682
12, 15.12936686295582
7, 10.978396821291655
8, 11.35996096314209
6, 8.46585563883642
4, 9.851430797895414
4, 10.23071863378566
4, 7.876556053523918
10, 13.280406786217828
9, 12.083907081030915
10, 15.855281038244279
8, 9.90941044508287
7, 11.984036674817991
6, 12.728269295521905
7, 9.228478919750888
4, 8.227594978423937
7, 7.653099509321184
4, 7.933695267799495
9, 11.584799824855246
11, 14.491742589077894
7, 10.199838349778526
10, 12.01659024558607
8, 12.154359458026862
5, 7.65415894940217
11, 15.150146029430783
8, 11.058726205442587
10, 12.865066891458333
9, 10.999339316753383
13, 14.696653189019877
5, 10.891399130090392
7, 10.330654534483488
7, 10.72576834552236
4, 7.594910323684028
3, 6.392877139470261
6, 10.34808736828468
6, 9.923198310488123
11, 13.505534505259762
8, 10.811958708488394
7, 9.925249888431777
5, 10.13019993162008
7, 10.206515731024892
9, 10.895200976328942
6, 9.40584494229169
6, 8.8671366602826
12, 13.304075451038518
10, 11.677231610580268
7, 12.79203079460368
7, 12.761327874492759
6, 10.304646622267098
7, 10.475835484703934
6, 11.491623221071302
4, 7.59206696673733
7, 10.491681315065934
5, 9.596898130045705
12, 13.386148386977293
8, 10.222548450252393
7, 10.021820317836113
10, 12.297715380149251
9, 10.314888570429925
7, 9.155289566005417
7, 11.36840026390364
10, 10.981146864607437
3, 6.670204255385412
12, 13.481176848937842
6, 8.838700240025682
11, 13.89241846906733
8, 10.144390493470548
5, 8.408595140587023
6, 10.066052988179457
7, 10.869058510544624
11, 11.468197422884138
5, 10.542520870324756
9, 10.52100200931509
7, 8.843306342512095
5, 9.280443052195253
5, 8.040400752794119
3, 8.21070663294618
9, 11.154436639187182
14, 17.203011741913535
4, 9.40570195790467
4, 6.070601112786824
3, 6.80176945019663
7, 11.520284928733012
6, 8.917506569437073
13, 15.85443242606737
12, 11.997806081634256
5, 6.244851374816478
7, 10.030646131293267
7, 8.077528247857382
7, 9.11413859818145
4, 6.947459030102626
8, 11.702767875232075
7, 9.75585598840201
9, 10.66457073328757
8, 14.223948051096949
11, 12.788349595360724
7, 12.455875046030208
5, 9.235593331891698
9, 10.571943256927332
9, 10.735752456827399
6, 9.671714707567407
8, 12.025312186682058
7, 13.326642010921782
6, 8.812698951764146
6, 10.795098298851537
7, 10.054198814455283
7, 9.88602949555442
8, 10.718006856613082
12, 14.506989574791408
7, 11.304483606230532
5, 9.833962876557475
4, 8.281402423691254
8, 10.800325742511964
3, 7.708297511244607
4, 8.00751399370844
7, 14.499927115058812
8, 9.077776892148755
4, 8.724758501162718
9, 12.45251898996576
7, 11.240209522419969
5, 9.186023206185611
6, 12.062498113708997
10, 11.365046276902099
7, 10.452794826747294
7, 8.717449787028308
12, 14.690575039773499
5, 10.54996471226537
7, 8.815753867536312
7, 10.434468183269141
4, 7.606460688210289
7, 10.882385776263217
8, 12.792404168331794
6, 9.85803125815929
4, 6.493600594977952
6, 9.665496974438442
8, 14.167601283653472
4, 7.014918518703037
9, 13.647666022758797
8, 9.803256371024778
6, 8.62973765228567
7, 10.133753128073563
8, 11.309096991823537
5, 8.859306699119319
6, 8.118889623578204
9, 13.339565265508897
5, 9.367115448280542
9, 10.567043680287993
7, 9.196884824955584
4, 7.724967478199877
8, 13.094665650973468
6, 11.822014746341324
9, 10.708525014894342
5, 9.317111278512494
5, 8.022678299896343
5, 10.794084706985156
14, 16.742878681147747
6, 9.309990172730355
4, 5.899937450497015
6, 8.124661037573054
10, 13.22169191275625
6, 10.840072691190736
10, 14.645685831255086
6, 10.74760849969021
8, 9.967787670693307
4, 8.825148029399179
8, 11.96889773993553
5, 8.999950105094815
8, 10.960385304260615
9, 17.28304663315358
6, 11.52373405754323
9, 11.976714504910563
10, 12.990806984882328
7, 10.343186094045894
7, 10.523279764450786
7, 8.631066049078497
2, 6.597222221672705
9, 13.458404114157503
7, 9.67194994869328
5, 8.095938565184175
9, 12.772725525434913
10, 14.250489511264965
10, 12.773209966388963
9, 11.640093847597628
10, 11.71889341137029
7, 11.34943970547424
7, 11.863663763557039
13, 17.250703682964396
11, 15.689936924660179
4, 8.731981963955128
6, 9.59280053346223
8, 11.925572683895522
7, 11.967021100281256
4, 8.167114426613994
9, 13.291438228756418
6, 8.674694389158475
6, 10.166176884877977
6, 10.354460243309429
6, 11.644128010409101
6, 11.809373897202034
3, 8.675635744376459
10, 11.368648611860314
10, 15.0369155257359
7, 9.05843714983035
8, 10.6027208402791
7, 10.89600021351098
4, 7.91206333407039
3, 7.00563252165942
5, 9.127249588335273
6, 11.930863594946244
3, 8.299501943391906
8, 13.008680070367301
10, 13.042348030856564
8, 14.276643452325546
11, 13.525059837778805
12, 12.372977775388875
8, 10.419077527601454
6, 9.12708160174922
7, 10.788373090712911
6, 9.500710803056428
11, 11.598790868757687
9, 10.896852563249901
4, 9.504279332088617
7, 10.613167052832797
3, 6.859505747635971
6, 9.914874177270466
2, 6.930778371092786
10, 12.250248761633427
7, 11.518170614609444
6, 6.4350140527555135
5, 7.903121909056936
11, 13.573794305312473
10, 12.197404753379718
5, 8.052244585267998
8, 10.91395101086539
7, 12.6173526408855
9, 13.820023923938425
6, 9.10444744186394
15, 18.958707962273877
6, 9.903435414336
5, 9.793773956985913
10, 11.465370012315969
7, 11.160633598287758
7, 9.328036385362447
8, 11.70115232328034
4, 7.073011314575712
3, 8.167937629338681
6, 9.010184894668063
11, 13.940987603234891
8, 9.226935200792736
4, 7.023427311272299
6, 8.145590905022988
4, 9.425078646964474
4, 8.528445046568258
3, 6.868574459959304
7, 12.217581795950213
5, 11.310137130706078
15, 18.11471229861832
5, 11.089910170316637
6, 12.285244300328431
5, 10.385408331632519
6, 10.397548457925332
5, 9.50062029013449
3, 8.757450903699826
8, 11.202463979517404
4, 6.9275491585619156
9, 11.20256723029479
8, 14.104726192304744
6, 11.259697612475978
4, 8.121878139474132
9, 12.43197842445224
4, 9.625487975113966
7, 11.608240130489428
1, 6.851405185442272
6, 10.656923050406077
12, 15.010651273003539
10, 12.422934043068887
4, 9.268157931208936
8, 11.610639475734517
6, 10.4427990762152
6, 9.540099194691546
7, 10.035771637729933
3, 7.680510690410439
6, 10.969458727534958
8, 11.598249271417702
6, 8.549708698879341
3, 9.044893076306916
8, 11.759641633262447
11, 11.881888511237738
4, 8.610388094698832
13, 15.626828335659967
8, 11.39599192109835
8, 10.812254309244357
5, 8.492367941991223
9, 12.090447359703136
8, 11.549725484795426
7, 9.600062124727266
5, 7.693629091793645
8, 10.689822617424994
5, 9.747643249649592
2, 6.662057501899208
6, 10.678150872789034
4, 6.838181242420041
5, 10.126898540086701
6, 10.997088128184746
11, 12.542643849565016
8, 10.092409564005715
9, 14.80327994657519
10, 14.632074427368975
13, 15.305596420820171
4, 10.74999181856757
5, 9.509264142120978
6, 8.569488281153602
8, 13.387138412168424
2, 7.046420643436565
11, 17.37383315902348
6, 10.21916797356917
8, 11.171581502715728
10, 12.907172822374998
2, 7.205126488158436
4, 7.063927420469552
5, 7.996493172077962
9, 14.44677965847572
9, 10.8887642481156
9, 12.355593839797457
6, 11.291431718344317
4, 6.137142032505289
5, 9.506225756743495
6, 8.793037587362798
5, 8.926013538918264
12, 12.256862358457226
10, 15.494508050670687
8, 12.113110688465431
6, 9.287948447516477
6, 8.033792769083968
9, 11.200656916862341
6, 12.477334491947
14, 16.267699250423057
9, 11.361392088750057
7, 14.172279394492781
10, 11.799406052464015
7, 9.55860616882072
7, 8.909547102454429
4, 7.947653750858396
8, 9.391972810043608
4, 8.885615142072826
12, 14.10974015777799
8, 12.752379869073941
6, 9.07761825027006
10, 13.837402873938595
12, 13.696932162910676
7, 13.105001849388415
3, 7.254623011881557
6, 10.630055600035432
6, 10.36279508609459
6, 9.632737316270637
6, 8.077616931303323
6, 10.209899506399651
5, 7.59246556764624
9, 7.968818331743048
7, 9.954294107924921
6, 12.003681087334979
6, 11.099908574253266
5, 8.740169013115429
9, 10.658138073251381
5, 10.754411119212943
8, 11.062841866177173
7, 11.798730514657661
1, 6.159611794318129
8, 11.13890720420846
7, 10.740690508051348
5, 12.37877299765818
7, 8.826998665125602
10, 14.10834202970238
5, 9.425892187081676
6, 8.468588168634458
8, 11.131222943823525
11, 14.111155340716092
7, 10.88201398150499
10, 13.345930352455923
5, 6.923482910192172
7, 11.89260818855005
5, 8.958151836946332
7, 10.906553691908055
7, 10.029472048015373
7, 12.455937515506372
9, 11.766647443727916
6, 7.582152004911044
6, 10.094769049477128
12, 14.015221798335698
7, 9.074321396388603
10, 11.552477656608403
7, 10.04010787893809
5, 9.918887201720326
8, 10.346836239927372
9, 11.28377615932931
10, 12.661866146688839
8, 12.929205257761957
8, 11.728168957684023
13, 12.617609173192527
8, 9.185527000535554
6, 10.551430980153013
8, 11.907616855947635
9, 12.315310078525496
11, 14.75132800400717
4, 8.20198615484716
10, 11.852832873205552
2, 6.576656991554609
7, 12.021862063629342
3, 9.867736916076751
7, 9.666093329287177
7, 11.583750181092217
10, 12.921611266224769
4, 7.623002267689038
6, 8.664916497551669
5, 7.450158868653815
10, 11.726464467564018
7, 7.722099748757537
3, 6.71407187641401
11, 11.739822055492962
12, 15.656489122960368
9, 11.758743805796469
8, 9.161529476517282
10, 12.66822379587782
6, 10.268443261792038
6, 9.154345610549191
6, 7.633078878673799
5, 9.159492873225105
9, 14.992493910509513
10, 11.5918807443979
13, 13.357146050829247
8, 10.249716725073842
3, 10.299182241878897
6, 9.602936634796755
11, 15.23719064006144
7, 11.75321275505476
8, 12.014422947903459
9, 11.696326628503549
10, 11.272452321046243
9, 11.230938682888514
4, 8.047399742959884
9, 12.608887832743552
9, 12.229282290603111
9, 10.472140548546005
6, 11.428110563596
2, 6.906005475500536
6, 9.806389267892616
9, 12.062619400061216
3, 7.4924637069065065
13, 16.186579258701574
10, 12.520956451747663
6, 12.807115044098481
7, 11.509332748902667
8, 10.444774946542841
7, 11.889918999846943
8, 12.64779802550747
9, 11.219552217582004
9, 14.10518092147454
5, 10.42221338402155
7, 12.160054773673433
9, 11.838464856077268
4, 8.934335747953094
8, 11.998734462393237
10, 11.850301992522521
9, 12.28208314280678
6, 9.347493320686455
10, 12.24306117934589
5, 7.556622043420115
6, 12.39905291420347
5, 10.629451213006753
7, 9.232014901706954
10, 11.201052856766232
5, 9.264999997012595
2, 6.209777118034359
9, 13.148527801057341
