Threshold, Curve
0, 0.01693050432154887
0, 0.0003266120701118004
1, 1.000577653751367
0, 0.07253000806160807
0, 0.05137259895452454
1, 0.6900947045536119
0, 0.234064321956187
1, 0.4597795740745196
1, 0.49518944270353543
2, 1.0938815565685345
1, 0.6545544769964134
0, 0.05584807981209198
0, 0.2684986259721523
1, 0.7060711373400645
1, 0.7309056363419569
3, 1.3769687056914803
1, 0.4419792574768126
0, 0.19515207170670207
0, 0.0030345166085810346
2, 1.1317731018378991
0, 1.784954883589013e-06
0, 0.2341086665856541
2, 0.8818511163327902
2, 1.4960510244404004
0, 0.22901077872423783
0, 0.020055337066204267
1, 0.8465324371447052
2, 1.49516685669505
0, 0.2661262613735336
1, 0.4594563391781552
2, 0.9205908546683286
0, 0.08487690301100133
0, 0.05494336538218212
0, 0.05364551005206694
0, 0.038063102942130306
1, 0.44132859451944834
1, 0.44078034704511304
1, 1.427987398043153
0, 0.21298969173687715
0, 0.405462255337723
0, 0.002350326328768969
0, 0.01843923391230826
0, 0.23018824536917729
0, 0.016633493168422997
2, 1.4589362718309473
0, 0.21180524113978563
0, 0.0009290872654204959
0, 0.034189821999178235
0, 0.19455200216521787
2, 0.8849517781874213
2, 1.1301937187409157
1, 1.0546471663288053
0, 0.016933489338417367
0, 0.25216363811704673
0, 0.001725943436034322
0, 0.0018325189486817941
0, 0.017559982893775687
0, 0.27165285337967654
1, 0.7278050065354104
3, 1.729832026030893
0, 0.0180874259271265
2, 2.0383884678207145
0, 0.4291339734847813
0, 0.19492792654835903
0, 0.05581776447700886
0, 0.39060279822615207
1, 1.2486687459865582
1, 0.44167886566630815
0, 0.583729516476971
3, 2.1152877944256847
0, 0.018541120904915918
1, 1.0188890211692114
0, 0.10456236903586222
1, 1.0716267379748037
1, 0.48141610108072175
3, 1.9208170009843224
0, 2.7433396938023554e-05
0, 0.24894277713287183
0, 0.42381206657872716
0, 0.038687996615193974
2, 0.882104748450748
2, 1.4574301832130236
0, 0.07412063401430952
1, 0.49516880191017637
1, 0.4582590914919583
1, 0.44105656662505865
1, 0.45796005979096294
2, 1.8836941586117504
0, 0.01755981617265601
2, 0.9165348102182221
0, 0.07155120354857851
1, 1.0910508214809218
1, 0.6520069008332906
0, 0.00027668816794888546
2, 0.883084031127279
0, 0.017282168523695497
1, 0.4763913026216073
0, 0.017185340934011965
0, 0.23348160303195598
0, 0.21549820168295142
2, 1.0924560949847804
2, 1.6526344306004146
0, 0.14674878376896056
0, 0.23371249240140407
1, 0.8466068408388179
0, 0.39027508010443956
0, 0.037786238647345066
0, 0.034443483938408695
0, 0.2866786206749317
1, 0.47851377804642375
0, 0.0002804856048014355
2, 1.0944794683426282
1, 1.0186062808511331
0, 0.01690986097269237
0, 0.03474298313325759
0, 0.07547508097243422
2, 0.8824581739867149
0, 5.039759839705421e-05
2, 1.6728112588356272
1, 0.4761366182143734
1, 1.1952059267016315
0, 0.03326155533408056
1, 0.6534074935993552
1, 1.0341694522042948
1, 0.916976464155438
1, 0.4411222957616247
2, 1.7081783419769312
1, 1.0716516478593738
2, 1.4416296463064613
0, 0.4291336294581826
1, 0.5138696666128888
0, 0.08935133899087871
1, 0.5168264852266832
0, 0.01718510172721421
1, 0.4407798824288342
1, 1.0023283248158872
1, 0.4439461704624767
0, 0.4064833106290394
0, 0.246496089212973
2, 1.4912667781874556
1, 0.44135318453046085
0, 2.5953815224187012e-05
0, 0.056442233716426815
1, 1.033837453711212
1, 0.49541902353004263
0, 0.0005545175937044546
1, 0.4821884528300996
1, 0.5003429193175573
1, 0.8459569306318668
0, 0.0006554598512529883
0, 0.4311100626723782
0, 0.054923534688844394
2, 1.4787901490337476
2, 1.1307447787282099
1, 0.6364778969269776
0, 0.03836693959609307
0, 0.038039234851877275
1, 0.5547541912767474
1, 1.2441901142782155
0, 0.02012951441832668
0, 0.018077789294776443
0, 0.22871300358631216
2, 0.9534753345749194
2, 1.4820586731461998
0, 0.01748331587679179
1, 0.672836514071052
0, 0.250893803727084
0, 0.1966296820903049
1, 1.034213948184021
0, 0.2503421080407149
0, 0.22900739090146657
1, 0.6519592958352478
0, 0.21612541995876475
0, 0.227815105717083
1, 1.0172067973836325
0, 0.05466706880672357
1, 0.45888728971337184
0, 0.44056317778958054
0, 0.01728402218534696
0, 0.03868977844332768
1, 0.8494045453462806
1, 0.47576132597323156
2, 0.953753178864426
0, 0.016656140379894633
1, 1.232338241266021
2, 1.1641078482268359
1, 0.4577088313070068
0, 0.6381221344889854
0, 0.07577387140324851
0, 0.08855724196423058
1, 0.7618429242191574
1, 0.7488177048434689
0, 0.0727935881525786
1, 1.0558142040919947
0, 0.09380552916512203
0, 0.039714599431770956
2, 1.6537663600533394
0, 0.035309839142206714
0, 0.4269374542413145
1, 0.636253212020995
2, 1.4424765370386008
2, 0.9361976327731516
0, 0.2495704782896395
0, 0.016954601034131635
2, 1.0936637513440197
2, 0.8991115965686566
1, 0.4957980413612036
2, 0.8988560970282229
1, 0.45768408717041176
0, 0.04994077926591167
0, 0.25036798755055323
0, 0.0006280319470624714
0, 0.001775371044569346
1, 0.48021333275345923
0, 0.01900687338704455
0, 0.016728080736843093
2, 1.28763411965142
0, 0.2507444047170272
0, 0.29938621709686025
1, 0.4785365217387497
0, 0.19455270990708082
2, 1.4980212392362737
1, 0.6738563661939897
0, 0.018606746357615583
0, 0.001724810290538451
0, 0.4443642614302323
0, 0.24586766703074328
0, 0.09267985378847914
0, 0.07244574846294342
0, 0.2486682647517547
1, 0.4574314229554907
1, 0.4743836067083902
1, 0.6543072949612795
0, 0.40578684454676
2, 1.1135624266692146
0, 0.28791194177224755
1, 0.690249681757242
1, 0.4417299967030322
1, 0.4407799602288174
1, 0.4445955789536176
0, 0.01942693178466792
0, 0.11311368431306695
0, 0.018190427535709073
0, 0.035615376220002826
0, 0.19432200012966458
1, 1.000048149557782
0, 0.07192754899268977
1, 0.45803315509419495
0, 0.002927352652040321
0, 0.48237712393666754
0, 0.0006012021182666509
0, 0.016656233685570468
1, 1.601265217931579
1, 1.0546725447118
1, 0.49571944142383023
0, 0.056346960083956926
0, 0.2278367145654671
0, 0.03943589711301242
1, 0.457713353358801
1, 0.547084180055802
2, 1.458685943014405
0, 0.10625853330393388
0, 0.19462377823266977
0, 0.07102167452374683
0, 0.0012278747125430377
0, 0.0921517860675403
0, 0.0549949760500732
1, 1.0566957143945457
1, 1.0899784051673689
1, 1.0030011879642575
0, 0.2456253414054338
1, 0.7235069677995728
0, 0.19518438926014975
0, 0.05529405829970627
0, 0.05751472131291178
1, 1.2489219882622866
2, 1.5404257488717605
0, 0.48235334277314057
0, 0.01667919719536076
0, 0.40518305159521956
1, 1.248919465493489
0, 0.23436424160647126
1, 0.44145572354352286
1, 0.44289795996679
0, 0.002050482253408491
0, 0.24561369083414428
0, 0.05044440458085561
2, 0.8981839442723608
0, 0.40583164891000645
2, 1.1166860681320487
1, 0.4799364963104517
0, 0.037788180784802464
0, 0.2126539144525417
0, 0.06780136594112322
0, 4.76499477988204e-05
1, 0.47461544556083374
3, 1.761321082946541
0, 0.016658012087212418
2, 1.132194274102773
1, 0.6531077382745556
0, 0.07218060910831821
1, 0.6388260494605383
1, 0.5335331708714955
0, 0.0002792045468490453
1, 1.0006026478794066
1, 0.7229572926080994
0, 0.03891831529643523
1, 0.4958218339781955
0, 0.03558980398715948
0, 0.5828251183867272
0, 0.265949464418701
0, 0.03479197939768399
0, 0.04006594778130364
1, 1.2109341864226058
0, 0.19494906806138587
2, 0.9556723244087255
0, 0.4058084142269057
1, 0.4787879770571178
2, 1.4909916883073278
0, 0.0361104438866158
0, 0.07859653734224886
1, 1.094355629052278
1, 0.514353234487778
0, 0.01695864235816014
0, 0.03444337886959312
2, 0.8829329751667916
0, 0.3895271822640178
1, 0.8462552538432677
1, 0.5117964720256889
0, 0.039788452357298554
0, 0.19455207748516362
1, 0.44314899196124347
0, 0.21093186366691583
1, 0.4743388716248734
0, 0.0195004294235245
0, 0.0009278785430930287
0, 0.24871859577114896
0, 0.04991680636379246
0, 0.05579219074387286
1, 0.7428097758573651
0, 0.07242076426997764
0, 0.2281865999893641
0, 0.21148289453794894
0, 0.057237962702462966
0, 0.13016407581518244
0, 0.04011133785061826
0, 0.19553193704672225
0, 0.00142632394698494
0, 0.09210654800853592
0, 0.2703062091898686
1, 0.4600578847218727
1, 0.5120987272396024
1, 1.0187923412609368
0, 0.05717541030787653
0, 0.01896195000444989
0, 0.018333179081304673
0, 0.2123306052615335
0, 0.03971307668490754
0, 0.07225267270939469
3, 2.116115391053947
1, 1.19602236891812
1, 1.0271473871753243
2, 0.9148360608732844
3, 1.536080922466359
0, 0.016637684503449178
0, 0.24444285488366424
2, 1.478515874422299
2, 1.4595636527654627
3, 1.3968445007074979
0, 0.07339814512025584
0, 0.42658718435502946
0, 0.03918419574880585
0, 0.2501614588420423
0, 0.03389199730284758
0, 2.409629927363347e-05
3, 1.5181564600259825
1, 0.47915959477109565
1, 0.4966601855625606
1, 0.6697342059093169
0, 0.0002790986044704988
1, 0.6353746886234946
0, 2.8996610687090366e-05
1, 0.4788133089041026
0, 0.21438295286024422
1, 1.037071157670017
0, 0.0008792759792281585
2, 1.490667011685545
2, 1.5117970148239421
1, 0.4407764723304482
2, 1.147448582565214
1, 0.6526079688087199
0, 0.0005554962815796003
0, 0.0020239213944032476
0, 0.0026032302246155456
0, 0.05056614210607238
0, 0.01663066010840632
0, 0.03801527556534424
0, 0.21235292142389708
2, 0.9001801320105074
1, 0.4979896894956347
0, 0.054969980872475
0, 0.22753800056537013
2, 1.4580350106229913
0, 0.034164673427289294
0, 0.05044529554487049
1, 0.5003157631968824
1, 0.6700370328193923
0, 0.3899725979247258
1, 1.0178107025051712
2, 1.1280915549798034
2, 0.9320699257717733
1, 0.4944675654512712
0, 0.24419380647500638
0, 0.19570340368024694
1, 1.0885329540659312
2, 0.8828061386176739
0, 0.2296130097078942
0, 0.21248300958889813
1, 1.056995240866841
0, 0.000276297927775727
0, 0.4393927334963002
0, 0.40669978522318945
0, 0.01753579695725495
1, 0.5334325438371181
1, 0.49684344502560873
1, 0.4954421090988635
1, 0.6353295285010859
1, 1.0370589638367638
0, 0.00032572538552929985
0, 0.07274438802229712
0, 0.0403670029486735
0, 0.03949332633758201
1, 0.5189986139832725
0, 0.05464611087024321
2, 1.1470998818874925
3, 1.324155689223341
0, 0.2304334681031019
1, 0.6913973164343074
0, 0.055295347462935
1, 0.5133284937879065
2, 1.829602144114093
0, 0.23345925305934517
2, 1.1699787851876056
2, 1.4416784757231573
1, 0.6549115455221678
4, 2.573041036019561
1, 0.6540035374974098
3, 1.3749198830996439
0, 0.131892400171344
0, 0.016655099829652725
1, 0.6730885949479058
0, 0.0003003912535621045
0, 0.0003479644778520096
0, 0.016954209326325798
0, 0.19485588862778896
3, 2.0773811939340616
0, 0.017185188846437008
0, 0.28784963989572304
2, 1.8307477846207336
1, 1.2348815513215328
1, 0.6911181895822995
1, 1.0349628118230891
0, 0.0035323168710911504
0, 0.3897311563563526
0, 0.05464553812078336
0, 0.38887544704535054
1, 1.0027250443524558
1, 0.6689404096423293
1, 1.0000476517133896
0, 0.2335429437857926
0, 0.23401063602590494
2, 0.9370471414564183
3, 1.920711923025389
2, 1.6517306053706227
1, 0.6691430330767719
0, 0.08792993411370523
2, 1.4580347712169273
0, 0.06982350133118083
1, 0.70632380377606
2, 1.0962055976669547
1, 0.4423065830348353
1, 0.4431819038111208
2, 0.9368463847627231
1, 0.4971187428354141
0, 0.23338412896908767
0, 0.2320615527368304
1, 0.44290366883277604
0, 0.2118619112006974
2, 0.8981846083398505
2, 0.8982052971949201
0, 0.0006309429396554021
1, 1.003307215992209
1, 0.6539574887294972
0, 0.21155882264134623
0, 0.018484556867397913
1, 0.7321117505249848
1, 0.45743230918222666
2, 1.4407760816873687
0, 0.01691017691165084
1, 1.0383620580157422
1, 1.230165038870185
2, 0.9359912168989905
0, 0.23485857133930704
1, 0.722979367210877
0, 0.033288669068734185
0, 0.07577500042737834
2, 1.6531036991159305
1, 1.2492974432521877
0, 0.07635121603719361
1, 0.4413758483809283
0, 0.19457602294532306
0, 0.033288169360474386
0, 0.24954742243780928
1, 0.496045619485482
0, 0.05611590427495716
0, 0.03943589459708492
1, 0.6914204325953306
0, 0.19492818190677463
1, 0.6762873016022402
1, 0.4463023736228673
0, 0.19455394789570848
0, 0.28367600757830497
1, 0.5242563316570147
1, 0.44077689536421005
0, 0.05527492916570907
0, 0.02018410936743727
1, 0.4576840097428633
2, 0.9359202113160962
1, 0.6519567300824124
2, 0.9548030072316422
1, 0.496699225480499
0, 0.5727566879611088
2, 0.8815511930139867
1, 0.6519592216232724
0, 0.22819012909336917
1, 1.0428842824402638
1, 0.7063498427729049
1, 0.4408000272368123
0, 0.3900208945422214
2, 1.6686143912846298
0, 0.05706809420178346
0, 0.20228831820050136
1, 0.4422016047088028
1, 0.514101256100942
1, 0.4419817727850727
2, 1.093388357373204
1, 0.4790911227310432
0, 0.22813582345736697
0, 0.28843185819036504
1, 0.549535947457475
1, 0.551234852704673
1, 1.1426509289276638
2, 1.590222914603598
0, 0.10041354186005286
0, 0.47673627805913205
0, 0.07327618236650996
3, 2.4413277828040427
3, 1.9224583931171992
0, 0.01900566904533084
1, 0.6689621805678512
1, 1.002626467224707
1, 0.6519576187166516
1, 0.6714812545425057
0, 0.01663260411996178
0, 0.3030325162727991
0, 0.001423578660318832
1, 1.0941295799074116
0, 0.392575433252869
0, 0.018490151326677823
0, 0.05579316706020165
0, 0.0342127419252913
0, 0.44417158030185244
2, 1.2712812217000942
0, 0.002375506785609916
1, 0.671482888164344
1, 0.6686127956928809
0, 0.23203929320181446
1, 0.6730876285229923
1, 0.49209206491502444
1, 0.4743843451158462
1, 1.2667432311152766
1, 1.0426378382210801
1, 0.9383363184920779
0, 0.44321663464728406
0, 0.017232836323822002
0, 0.01693718592983124
0, 0.10901059082225988
1, 0.4416769758955473
2, 1.4416514017058164
0, 0.017183167747764797
2, 0.9359972299209395
0, 0.055885736018287176
1, 0.44167855230250663
0, 0.4429664547445877
1, 0.6734415494360527
0, 0.19769811114474126
0, 0.4057330431688496
2, 1.0789761931805046
2, 0.8821791496350312
1, 1.21295677923152
1, 0.5134969746907342
3, 2.154251486510022
0, 0.22756081549459792
0, 0.0035234545954605932
0, 0.03857434256491452
0, 0.21150605682369047
0, 0.21325744193781215
0, 0.03927069152337642
1, 0.44140264941131296
1, 0.4422936273323127
0, 0.04989771329152996
1, 0.45833913604321985
2, 1.677910284375752
1, 0.4740657992654251
1, 0.4424766932713482
0, 0.22758863515252273
2, 1.4423060086142276
0, 0.051641386723240576
1, 0.5179956171381075
0, 0.056091145770612236
0, 0.056068571517731314
0, 0.42301489440408646
0, 0.07155248823216515
0, 0.23293950351466658
0, 0.3171656331053221
1, 0.45978142900625785
0, 0.1996293007575017
0, 0.056068227666083145
0, 0.01667873182291768
0, 0.05519788196152345
0, 0.019182569358206312
1, 1.0175820867596368
1, 0.8820647319138252
1, 1.0546434434701126
1, 0.7481727528975034
5, 2.959351783679482
2, 0.9757276697049901
1, 1.600659752748054
1, 0.6377546776386007
1, 0.5118200236147634
0, 0.23228927946786215
0, 0.1951273292423814
1, 0.6733429734658043
0, 0.07720101883027236
2, 1.1099956584445947
0, 0.2710023250445254
0, 0.24481846146182898
1, 0.4408024413539972
0, 0.01788575474034703
2, 1.3101634554713328
1, 1.6176437836504443
2, 1.5171515310742993
0, 0.03918412027467894
0, 0.21395359771936745
1, 0.49066774612126207
0, 0.03475717763577662
1, 0.6694182872956039
1, 0.4580089147320689
1, 0.672810836267884
0, 2.5485298325892836e-05
1, 1.1946018545024475
0, 0.03971501016547004
0, 0.016654210029383918
0, 0.05727384093609956
0, 0.01690897188059297
0, 0.07182902150246784
0, 0.24574602230016984
0, 0.196000263198844
2, 1.168276826939157
0, 0.07842861330367693
1, 1.0039065645406615
2, 1.478559981095161
1, 0.6517286595971711
0, 0.00032579851940656217
0, 0.03920813939257268
0, 0.03801599779994405
0, 0.22753815412344425
0, 0.23236019130838445
0, 0.25097328950098435
2, 1.1288646316811577
0, 0.017184057303036557
0, 0.22898342953193696
0, 0.0572706473311641
0, 0.08765186306684784
0, 0.03386430819682583
0, 0.2287176528229344
0, 0.2131591682364412
0, 0.2118344117706856
1, 0.46052964119381556
0, 0.07554515097196347
2, 1.289334335241295
0, 0.6374926569932987
0, 0.03468683598543625
0, 0.0006297367337103112
0, 0.21146799834508043
1, 0.6071127771188676
0, 0.2322893552956
1, 0.4968656858987803
0, 0.017884714750171962
2, 2.033311796469515
0, 0.21148215869297965
0, 0.054921513495105524
1, 1.444941603738346
0, 0.05579267169147603
2, 1.5135233775676527
1, 0.7286097554375317
0, 0.03868807515995439
0, 0.11145968606225053
0, 0.1963494378056943
0, 0.21288198675690367
0, 0.08792823637322868
1, 1.0383156927038815
1, 0.868831375946815
2, 0.9165139326799783
1, 1.0924057347221856
0, 0.01720830509690709
0, 0.07751305743283592
0, 0.03389163260230956
2, 1.4960723113125551
0, 0.05502106745880247
1, 0.441106158992721
0, 0.017231208800509375
0, 0.09212897143266327
0, 0.2296101779008341
0, 0.018355469327646114
0, 0.017535960060786334
0, 0.0169109923656668
2, 1.0758527915135578
1, 0.47563797541863856
1, 1.0236014090374286
1, 0.4431028635832346
1, 0.6737133364873232
0, 0.0016024308213291724
1, 1.016631864988427
3, 1.374421829143573
0, 0.07165154514803955
1, 0.4799360764491836
0, 0.22844314144398106
0, 0.017184286744945078
1, 1.0020750874742523
0, 0.038687996758099565
1, 0.6353528398332162
0, 0.0002812276991190516
1, 0.5676116363570138
0, 0.22818706671402017
1, 0.6368006760046376
1, 0.6739689125250736
1, 1.342495337653796
0, 0.19439586962955488
0, 0.0016250171866370462
4, 2.324603286339337
2, 2.0394616195233515
1, 1.1966957253901316
2, 1.1263460261973022
1, 0.44080308650745126
1, 0.8849463464383005
2, 0.9419127218488249
0, 0.0021666880852702864
0, 0.4231407454943947
1, 0.8842729692013906
1, 0.6688890918034943
0, 0.23231290652833164
0, 0.24482137085100988
0, 0.017886810004770676
1, 0.4746174219028726
0, 0.2866628316830121
1, 0.4422003238002772
1, 0.45893868435479246
2, 0.8825248623363237
0, 0.0008529004631677041
0, 0.1954548634802227
1, 0.6356053511939147
0, 0.0026285626306097624
1, 0.5118447742922557
0, 0.001476022534420354
0, 0.19457917366308528
1, 0.4799356811255447
1, 0.8302543310285929
0, 0.03356115879568246
0, 0.0009043250349692298
0, 0.26647954924821426
1, 0.4745906440223342
0, 0.07302075954797152
0, 0.033563102198178124
6, 3.765159254450019
0, 0.03356116257802699
1, 0.48021197356826756
1, 0.6734098206079612
1, 1.2503653152452565
0, 0.0005550762705999466
1, 0.6858726187621417
0, 0.48130567578474587
0, 0.03804083352615114
0, 0.018609158159922357
1, 0.44137890866621055
1, 0.4785597539180015
0, 0.08765275519177043
2, 0.9361981759853275
0, 0.035891712892790056
2, 0.8993342046474454
1, 0.9386871660286413
0, 0.09217533901447307
2, 0.9587728534727394
0, 0.2334245327316261
1, 0.6367742451524825
0, 0.07099773032245019
1, 0.6894216932762057
2, 1.72920456230683
0, 0.22864204311107533
0, 0.05016915455450383
1, 0.6353271907811178
1, 0.6517294733260844
1, 1.1948315205527804
1, 0.4749655103883346
2, 0.8815557775870264
0, 0.07099862072487656
1, 0.45740771759580545
0, 0.035888909645311586
0, 0.24871485169602725
0, 0.5834017223710147
1, 0.6730882889460617
0, 0.018332238215592878
0, 0.11493347113863422
1, 0.4749406003493616
1, 0.47548301323860237
1, 0.529032345155932
0, 0.12116929289477515
2, 1.075851087522671
0, 0.03484012351598288
0, 0.12631735842472674
0, 0.057696790901908594
1, 0.5335563023027563
0, 0.03356648098190258
0, 0.10873461310569443
1, 1.0356121483106786
2, 1.497397628668842
0, 0.09301667532079784
2, 1.4414030706152654
1, 0.6542847084024617
0, 0.4263104938188721
1, 0.6698660376726071
0, 0.24539432880434908
1, 1.2678773298935562
0, 0.05471425435854462
1, 1.0392307136631815
1, 0.637402048934574
1, 1.0011084661628997
0, 0.2448486193706115
0, 0.041235425490719055
1, 1.0020501775978752
0, 0.017534906602752875
0, 0.03801690167089907
0, 0.016906874707159056
0, 0.01695548917124533
1, 0.47555976367276054
0, 0.00090529520304581
0, 0.24866552152639076
0, 0.19432700828885477
0, 0.20064158059821163
0, 0.016656111723917223
0, 0.001701425427266472
2, 1.0782016082444446
0, 0.38999758280964114
0, 0.01783999876403615
0, 0.24927065913685853
1, 1.2523431029748135
0, 0.28458118306228164
1, 1.213258088191998
3, 2.4957714235265596
1, 0.4423296344108159
0, 0.2109311259610621
1, 0.4740836082118407
0, 0.000601623491471406
3, 1.3617643442733693
0, 0.07542241262449922
1, 0.6903231977045257
0, 0.03386406833941353
1, 1.076898022915816
1, 0.4594059858590979
0, 0.004917711788913698
1, 1.0930088256248343
0, 0.018706872224389947
1, 0.45868666892850785
1, 0.8701879455414122
2, 1.5338062082285049
1, 0.46027554725230047
1, 0.49659182109716676
1, 0.4605519872982713
0, 0.584548148610306
1, 0.4426576501654084
0, 0.21120532370028697
0, 0.22753598073828357
0, 0.27030539399646525
0, 0.23231162295642385
0, 0.24864317371518332
0, 0.08910069686332737
1, 1.4069876734070528
0, 0.1942984547293973
0, 0.016911804278979262
1, 0.669539435607717
0, 0.06652570115425903
0, 0.0335632547422063
2, 0.9698055305176816
1, 1.050219880413115
1, 0.8685406615343328
0, 0.21328121991978552
1, 0.8476782086980634
0, 0.03971322882961246
1, 0.45805743083145845
1, 0.6365004686747312
1, 0.4801134604577256
0, 0.5994567101243502
0, 0.052788596922823124
0, 0.07102271390301493
1, 0.47879234602336607
0, 0.14647152767007865
1, 0.45768310824132313
0, 0.2866551426415782
0, 0.01898536603653212
0, 0.0020502548262478094
1, 0.4410768147618668
1, 0.440776005511694
0, 0.10996202114319836
1, 0.47913913967149663
1, 0.4951436209977132
1, 1.0848819054123422
0, 0.03456255062700247
0, 0.0726980212294117
0, 0.05584753585338164
0, 0.038039295684368715
0, 0.0166551010463339
0, 0.03916833122146986
2, 0.9336964466746899
0, 0.0031263886078984056
1, 0.6697597676423817
1, 1.40613479762736
0, 0.2655486891799749
2, 1.83192861335066
1, 0.6353321666440304
1, 0.6711619260771038
0, 0.05496869742453489
0, 0.050171023044957214
0, 0.01985817643651082
0, 0.4275878346580154
0, 0.016935267588322384
0, 0.017263546354033286
0, 0.19457683667352826
0, 0.055818002278776424
1, 0.45768416127106054
0, 0.018077787428889408
0, 0.03326823376827588
2, 1.094011458390855
1, 0.6522338848713642
1, 0.5581921126052289
1, 0.4788115269314154
2, 1.496324898605864
1, 0.49521684246618874
0, 0.19662748029591381
0, 0.07689907954647689
0, 0.018078287801346935
1, 0.6353517101543027
0, 0.0936596385491594
0, 0.0546437593524188
0, 0.003428334033214523
0, 0.03774472339793
3, 1.6099306288014426
2, 1.151930836147177
0, 0.04293288409045421
0, 0.39133412007901985
1, 1.0333570363421933
2, 0.9707346098733365
0, 0.22811414015214201
1, 1.0352638634607527
0, 0.07274641061710883
2, 0.8996406295089712
1, 0.6877916934683819
0, 0.40662882481936624
1, 0.4574767353182699
0, 0.21122887533684379
1, 0.652909200389017
1, 0.45940703800347343
0, 0.4060130620248324
0, 0.017484373749568845
0, 0.27004764715510937
0, 0.43844169714682785
3, 1.957026195587159
0, 0.46430108484219934
1, 0.44424839969803215
1, 0.6359040376549474
0, 0.19520575782083266
2, 1.0924572253043356
0, 0.19597557947378322
1, 0.6367965172343948
1, 0.4968664989655415
0, 0.054643446544926304
0, 0.0002762941030791385
0, 0.19625187246814763
1, 1.1329861950367912
1, 0.4951916128568909
3, 1.9193134114833315
2, 2.0336360856702727
1, 0.5331550472196874
2, 1.459315103404848
1, 0.5165534189871132
0, 0.040885696667656964
1, 0.6365234361469297
0, 0.0003008882487980572
0, 0.038921935763094974
0, 0.040617716396471
0, 0.39025090889456604
3, 1.9010279171190403
1, 0.6353274301307641
0, 0.2854048940390808
0, 0.054368357371343726
0, 0.0009035868257590715
0, 0.08853415659049527
0, 0.038364840108387595
0, 0.21091281855395205
0, 0.19427481890368437
1, 0.4743407801152548
0, 0.23296281543255026
0, 0.23258752469388178
1, 0.9251833162423325
0, 0.1964355376942048
0, 0.01693252477553137
0, 0.0019786848429390524
0, 0.016632754202888272
0, 0.21237798652998066
2, 0.8815994186433483
0, 0.21208687754850417
0, 0.22781347880939684
0, 0.039339975344041406
0, 0.19430119232363346
1, 0.495773684468379
0, 0.05467192799732957
1, 0.4586631290249476
2, 0.9528482714740498
1, 0.44137954169826216
0, 0.03326559369488725
0, 0.46159909532574445
2, 1.4577056929940237
0, 0.03984414390662864
2, 1.076105952060596
0, 0.19434648884388978
0, 0.00120367499909721
0, 0.0014251307087279929
2, 1.63505163628528
0, 0.0011815082941864438
1, 0.44365754612833114
3, 2.076775661336588
0, 0.05436761770613364
2, 2.03891700407586
0, 0.002383478043713277
1, 0.6728123866489277
0, 0.0014272283306159402
0, 0.07218173944306604
2, 0.9212910471202608
1, 0.44282258671630353
0, 0.0763797984325642
0, 0.4068829224787106
0, 0.05016931828284692
1, 0.5075759803710062
0, 0.23066132819140184
0, 0.21153460744453675
0, 0.005200193665465938
2, 1.5343510641388154
0, 0.055922557719114134
0, 0.016933568990261213
0, 0.0006275348547785485
0, 0.0394366802260197
0, 0.0003271113040207337
0, 0.4078065306409402
0, 0.21155641271353218
0, 0.19720120740122324
0, 0.24864181396741236
0, 0.1949293902035838
1, 0.44140555772844275
0, 0.2673484447041083
2, 0.8818526403292916
0, 0.05530011880169542
0, 0.21120540098494495
0, 0.039162591543765155
1, 0.5165290773729552
0, 0.03836604701496691
0, 0.002602993428763114
0, 0.08600129465973456
2, 1.4607118555818868
0, 0.03468612761992732
0, 0.09277788715911488
1, 0.45885751757856835
1, 0.47526318504901693
0, 0.03836271091965334
0, 0.1961100197482187
0, 0.2337130503354465
1, 0.6855722686342082
1, 0.6522567279704944
0, 0.03803730273349925
0, 0.00030088896004934376
0, 0.01988733704489485
1, 1.1952281046635784
0, 0.09412659167315997
0, 0.21236506657702148
2, 1.6554322637877152
1, 1.0025284334460158
0, 0.0028491311388552953
0, 0.6372385566840477
1, 1.2323134031621594
0, 0.24537756038625466
0, 0.48122941287257454
1, 1.261102309819783
0, 0.2870788226135297
2, 0.9148121731152491
1, 0.5014363212510586
0, 0.017812559114494645
0, 0.056366625641060805
0, 0.05606857160747122
0, 0.00030177694331225174
1, 0.5182983518326519
0, 0.04989576998818449
2, 1.093429799776091
0, 0.2676027087490148
1, 1.4768081631670276
2, 0.9157151280874603
0, 0.38885076941437596
1, 0.6362315294769261
1, 1.2281121939243473
0, 0.004272546276603657
0, 0.05729345996323165
0, 0.00028130120702133223
0, 0.2655732062398696
0, 0.03381422143532202
1, 0.5298500845212809
1, 1.0560687250089522
1, 0.47701432595115334
1, 0.4423773898379211
0, 0.03983489158420792
0, 0.2340122342709617
0, 0.23373858090219546
0, 0.034260545185387264
2, 1.6633699703698939
0, 0.01808151084496094
0, 0.4080891986687427
1, 1.0380404521519386
0, 0.033284789178580985
0, 0.2276325148358826
1, 0.534301938410251
0, 0.03335880351599969
0, 0.0209328204198845
0, 0.0586404407599825
1, 0.4422219339428629
0, 0.21175791004495048
0, 0.4635754955143088
1, 0.47851257245368245
0, 0.0014714092653454968
0, 0.05557171084384439
0, 0.2126058443954613
1, 0.4422011822325318
0, 0.19455111250625212
0, 0.2498960206713012
0, 0.21092949789374885
0, 0.016931397114660685
2, 1.6911409256804122
3, 1.3615179306574905
0, 0.22783612849793491
1, 1.4615506515817578
2, 0.915717392382741
0, 0.11080930429098021
1, 0.49069110652111997
2, 1.0947837693067999
1, 0.5245588879105945
1, 0.5331792995100356
2, 1.6092612284926449
0, 0.4083035140891021
0, 0.09210686762111246
1, 0.4424994269815318
0, 0.05136218338937311
0, 0.0009298979667289704
0, 0.03841081508119858
0, 0.01663524346681431
0, 0.03774238743219016
0, 0.06682271584872002
1, 1.0733295204314828
0, 0.002053480959341479
0, 0.09240615426949464
0, 0.054645537612235215
1, 1.1949255139056045
0, 0.21122887654854883
1, 1.0389634790624735
1, 0.47943987289867623
1, 0.7125491706582247
0, 0.0014273046004239383
0, 0.033937736604373506
0, 0.10873592411539193
0, 0.05439070352213782
0, 0.03946670127976693
0, 0.38922388626314036
1, 0.8673397945263015
0, 0.017307815001270828
1, 0.5135296746451927
1, 0.45740779609882093
0, 0.017283370944003187
1, 0.6911410019024895
1, 1.0197785014618355
1, 0.5343491232077479
0, 0.056343310696336295
0, 0.42466145200696614
1, 0.7271547011977385
0, 0.05506502325257068
0, 0.21150660138959637
0, 0.000577332789787683
2, 0.8856010098007665
0, 0.03326407236450832
0, 0.19712298267148187
0, 0.19485231790470453
0, 0.23201138999438392
1, 0.48165984238215154
0, 0.19695586085690212
1, 0.6753411671014797
0, 0.01746148430157388
0, 0.003450906477913133
0, 0.037736568057633514
3, 1.3231571305993113
0, 0.2655752272321667
0, 0.00030120427990482253
1, 0.47973859048025985
0, 0.23345804999149103
2, 0.9760291872978403
0, 0.03328848575133293
0, 0.6723082131495697
1, 0.4574297196475886
1, 1.017255097725395
1, 0.4761111991513167
0, 0.3900001766194778
0, 0.0006752133056101438
1, 0.7136713035440948
0, 0.0014252077508108267
0, 0.2351623034328274
0, 0.2295126427261235
1, 0.4430766077240169
0, 0.034215412495250876
0, 0.01665751097173327
2, 1.11556271688294
1, 0.830256249496009
0, 0.01723042624921666
0, 0.01898114603611626
0, 0.017183243583043174
0, 0.03778463937077781
0, 0.24954692276921348
0, 0.034709259447193254
1, 0.6364985290453788
1, 0.49514307825582327
0, 0.2275622023812069
0, 0.2869586384068382
0, 0.23436318875634868
2, 0.9171627679086853
1, 0.6545520656583239
0, 0.0186098353781199
1, 0.6523116933903855
0, 0.26555019911377054
0, 0.00027904014065664663
2, 1.6531508057517679
2, 0.881550621657425
0, 0.8335871776396557
2, 1.6748378054058028
3, 1.3767414525127524
0, 0.000627688210264323
0, 0.24919851585786168
0, 0.07099908800872705
1, 0.6516814048216395
2, 1.8494541144411476
0, 0.052868905736085395
0, 0.039735891275193426
0, 0.019477768894825255
0, 0.28728205489733144
2, 2.0242786577347944
0, 0.002278680874587702
1, 0.5133785111978474
0, 0.3081374764590755
0, 0.016909772594996052
2, 1.0925032776561312
1, 0.44168177545117215
1, 0.47436482956599757
1, 0.4968435210060128
0, 0.24954727654064499
0, 0.06717487662064947
0, 0.2118623037745993
1, 0.6908413189857359
1, 0.4580347798513163
0, 0.03356407166265401
1, 0.6353524217856888
1, 1.2326384544569216
1, 0.6728579995490177
0, 0.01954904439540917
0, 0.19492543737123613
0, 0.0006756040097326223
0, 0.017183168108640342
1, 0.46040947168985474
0, 0.07577625398215661
1, 1.2730802474255043
0, 0.4058122896818526
0, 0.09623401123715487
0, 0.01928284806148916
1, 0.4436735074848918
0, 0.2282114776360311
1, 1.4454597316362807
0, 0.06654595063342152
0, 0.0025313431850622356
0, 0.017284339193292742
1, 1.0181637550435148
0, 0.3799304617131069
2, 1.4425002881365456
2, 0.8984591237900372
1, 0.4574303657728479
1, 0.4591104949733766
0, 0.0031967011857108522
0, 0.07929406502502835
2, 1.4790908816594173
0, 0.017459855525605344
2, 1.1155401433251102
1, 0.4428262554108962
1, 0.44247742790137723
0, 0.2489182598150863
0, 0.0026521168841731864
1, 0.5623155959448393
0, 0.018161081955279212
1, 0.9133323303425637
0, 0.274700662102601
1, 1.0338883043081615
2, 0.8996053507811282
0, 0.21262889965499074
1, 0.49632513986213544
1, 0.49129226036521756
1, 0.5096504316038862
0, 0.13133582784682676
0, 0.23231712829877113
0, 0.01663073553279514
3, 1.3621141786395123
0, 0.017183166950833852
0, 0.0015571929148619976
0, 0.03354342890615133
0, 0.03920774995534097
2, 0.93971945501353
0, 0.3917000574999259
0, 0.056438294504682046
0, 0.01663379366999403
2, 1.5141272054135104
2, 1.443125215922086
1, 0.47404174720566206
1, 0.4968424482262779
0, 0.2295125646354394
0, 0.017185262400103745
0, 0.6547522431425309
2, 1.095580553197237
1, 0.4591287264293814
0, 0.23345893783036747
0, 0.016631471270062488
1, 0.4425462948313664
0, 0.03919533466526674
0, 4.741064635361607e-05
0, 0.03981375093535305
1, 0.8676401857755971
0, 0.0026267851228282207
2, 1.7604167212933057
1, 0.4986119580191385
0, 0.03354101281882476
2, 1.1153081992329061
1, 1.000023936299263
0, 0.21208594248766485
1, 1.0178384487572014
0, 0.26975021240006664
1, 0.4414021796073252
0, 0.01805423434039795
0, 0.2322903491250955
1, 1.4601056173367786
0, 0.445763819268606
0, 0.016631125614516712
1, 0.4606620479838942
0, 0.04011288499120641
0, 0.07547690399075596
0, 0.5039193584125581
1, 0.5289589645507637
1, 0.4740835321392148
1, 0.4954425003480692
2, 0.8824781819475944
0, 0.03616683207264692
1, 0.47438705866977426
0, 0.28283050641159935
0, 0.09328329114030627
0, 0.03413857994579703
2, 1.6526074271326083
0, 0.2109298406601214
0, 0.21235295147661956
1, 0.7060496073474897
0, 0.03613251830549053
1, 0.5180562497828715
0, 9.715467221965079e-05
0, 0.03413737511371228
1, 0.6531753219593024
0, 0.21090757175059172
1, 0.6542337083633718
0, 0.23516051175161726
0, 0.0921538071125497
1, 0.5162493774015496
0, 0.1949292380221416
5, 2.2585666587494115
1, 0.6541404128598601
1, 1.035637948611213
0, 0.05579452768554032
0, 0.017281276905057485
0, 0.039438068489574415
0, 0.2441905846344539
0, 0.0552953412661506
0, 0.06797873907932084
1, 0.4785627071951403
0, 0.25097134638292884
0, 0.0006562437346767326
0, 0.018165121775910356
0, 0.05583872095731711
0, 5.241636938241804e-05
1, 0.45833542786116716
0, 0.033288906930668855
1, 0.4574077935271254
1, 0.6517062398059461
2, 1.4971923620644763
0, 0.21118177005332972
0, 0.03409093145316428
0, 0.04086093869127717
2, 0.8987338648265092
0, 0.2109535474212357
0, 0.001701891540206013
0, 0.19727600043592802
0, 0.21121056719416378
3, 1.5557597597255197
0, 0.05441440720487043
1, 0.45770658214499543
2, 0.8999068236657277
0, 0.23437204790113111
0, 0.21513990622435633
0, 0.42309026448101444
1, 0.5123733947711671
2, 1.4954677443916709
4, 2.1529048196304585
1, 0.6876510167956112
0, 0.002023890378095078
2, 1.4745927362027973
0, 0.21118402061617295
1, 1.0383148062764647
1, 0.4413555968834154
0, 0.19427819823673614
1, 1.1470998717744791
0, 0.07689705836167093
1, 0.6908645548471304
0, 0.0014482493397573316
2, 1.2720783945372491
2, 0.9148375074400259
0, 0.05841657586568587
4, 2.5338071100213346
1, 0.4802119736565415
1, 0.8469303131846405
3, 1.5186979076366716
0, 0.3904036114307774
1, 0.6353275846511477
2, 0.9151113101506011
0, 0.09303094546240036
0, 0.03808608649519463
1, 0.45775689940627357
2, 0.9373669461310694
0, 0.033564462346066005
0, 0.016910176348430006
0, 0.01833087257035665
0, 0.09385108304973633
0, 0.01728935598145099
1, 0.4416835556675775
0, 0.002978444975030643
2, 1.4921372213127846
1, 0.4594844304392395
1, 0.4797158524716467
0, 0.3892250582657459
0, 0.034710886167636006
0, 0.002958540599119369
0, 0.03806206244969985
0, 0.017459539041261515
2, 1.4740390674266883
0, 0.03451770527715569
2, 1.1144948150166372
0, 0.24867010347420357
0, 0.0003008877416289488
0, 0.28812771425320266
0, 0.0547142505290298
2, 1.1147416582130425
0, 0.05439391599964653
1, 0.6754135980950576
0, 0.03328793070305377
0, 0.03918427181777233
0, 0.06707708541071905
1, 1.2109558851956983
0, 0.000553477696584546
0, 0.05133855622759572
2, 0.8990375861846939
0, 0.0012051391247806693
0, 0.05469496697333042
1, 1.0023993769313069
0, 0.2114856417794874
1, 1.09240817336092
0, 0.053824865194462806
0, 0.2447949837369499
3, 1.5338837560721972
0, 0.21090707339007136
1, 0.6523085487815948
0, 0.0009756774650483981
1, 0.4785381136648364
0, 0.28810545367152796
1, 1.4051844123058685
1, 0.441978477336143
2, 1.095854432539457
0, 0.05131539524432792
1, 0.6731105946949943
1, 0.4422000501904661
1, 0.6748389866528591
2, 1.8490777688926736
0, 0.09181414899142677
0, 0.01691075455011326
2, 1.1144621944330382
0, 0.03693843256132185
0, 0.23231219728127395
0, 0.037762534909146606
0, 0.10931245301383181
0, 0.1971446720639738
1, 0.45745295229553457
0, 0.00032669016268310996
0, 0.23379169571950997
0, 0.19482740721992672
0, 0.05464627405479031
2, 0.935966487550451
1, 0.48083846853153456
2, 1.4428510127419396
0, 0.4218596812656122
2, 0.975653899684861
0, 0.03353873858495517
0, 0.1301412586544816
0, 0.03358649008839372
1, 0.45768376931782584
1, 0.47853772230848096
1, 0.5162731578663943
0, 0.033889117433891246
0, 0.018630451256863936
2, 1.653154575181618
1, 1.1971487842643687
2, 0.9195635564120999
0, 0.38999684431004006
0, 0.07244439556822148
0, 0.2867281560085697
0, 0.017259427346516393
1, 0.6901151079053572
0, 0.19430457230460282
0, 0.21173548373512208
1, 0.7027776316542949
2, 1.4574297919501031
1, 0.44429654562690013
2, 1.0947824863879918
1, 0.5152799283672558
3, 1.3240288601257928
2, 1.0976287088958616
0, 0.03328987336597669
1, 0.440802303643634
0, 0.055020178406124484
0, 0.10523394655090983
0, 0.6552523306920914
1, 1.036156888768231
1, 1.0755014558335596
0, 0.04088690161421724
0, 0.01988605664279276
0, 0.01693057784187299
0, 0.09212759017319082
1, 1.0169551745126684
0, 0.44409830653534954
1, 1.3906548351404477
1, 0.4413758506976867
0, 0.01805618207059501
0, 0.2109093661355475
0, 0.19430135858431008
1, 0.674256714358978
1, 0.4951380895135773
2, 1.4574079443059291
1, 0.4954218565857608
0, 0.03328615194933868
1, 0.44109913337055767
1, 0.4956967918969951
1, 0.49724252611535846
0, 0.28190433372191165
1, 0.4419548433790573
0, 0.05676683759905536
1, 0.7230031470262575
0, 0.1262201437708071
2, 1.1301942875737285
1, 0.6737134142298979
1, 0.829929523715976
0, 0.0017070803918038879
3, 1.357092345286161
0, 0.2731474203236255
1, 0.6703862587816859
0, 0.017535224352647618
1, 0.441354632455541
2, 1.6683831842501653
0, 0.016956378922880273
0, 0.036889982620690445
0, 0.4220886913458456
3, 1.9376175927343002
1, 1.0782698943694693
0, 0.2447451137231831
1, 0.44419890673582346
0, 0.1943228949620426
2, 2.041410040939134
5, 2.9951391160254763
1, 0.4407768983358098
0, 0.019536174289043376
0, 0.19583096925328652
0, 0.07744907233239322
2, 0.9368452521104955
1, 1.1951781803968204
0, 0.21290923319279928
1, 0.529032272917025
0, 0.3909024920681722
0, 0.03946048984854922
1, 0.8293295295036458
1, 1.0002771565174668
0, 0.06794679128853631
0, 0.44559379628377455
1, 1.23075332015226
1, 0.49604554840999804
0, 0.23291652700060134
0, 0.42721408135010797
0, 0.03894163024471124
1, 1.100252866574629
2, 0.8982281409460153
1, 0.6685919698692665
1, 1.1955318614430945
0, 0.21095936437497045
1, 1.0896048203726543
0, 0.058662701541019324
1, 1.0405071033000843
0, 0.10956512122261158
0, 0.03891878370571094
0, 0.2509203916178961
2, 0.8829762458296042
0, 0.018682852749837584
0, 0.2325874492750489
0, 0.19598043802147566
1, 0.4771605686048915
0, 0.05557276368942106
3, 2.111956369235825
0, 0.0397888379697589
0, 0.283651417297958
3, 1.3936250881973773
0, 0.3885967420129076
1, 0.6911404298067747
0, 0.10490997686872687
0, 0.0005774960667033991
0, 0.07242269452414837
0, 0.24479750100425646
1, 1.000630520525398
1, 0.8885737346863489
1, 1.0186307939815031
2, 0.882380073855873
2, 0.9905863124408694
2, 0.8987348299076287
2, 1.4787908069419806
1, 0.4425230579216138
1, 0.5123499465553145
0, 0.22991180467420858
2, 0.9715553245426273
0, 0.035009841139292126
2, 1.5117756773222482
0, 0.2503911124624981
0, 0.23079129126377995
1, 0.6876454513590969
1, 0.4413294515331558
1, 0.8316014960312266
0, 0.23343601856485907
1, 0.6749447265805646
0, 0.389478331900862
0, 0.00027726371035955246
0, 0.0005529792498414589
2, 1.707506363807451
0, 0.03381567970805535
0, 0.21090742116214914
0, 0.08793145816425885
1, 0.6683591633183313
0, 0.01665653521660848
2, 0.9374742608291211
0, 0.09270662243210555
0, 0.38918147138474435
1, 0.674213574224009
1, 0.47415457110875725
1, 0.4954442038935153
2, 1.4746198305695364
2, 1.0165638619038937
0, 0.016678230208334126
1, 0.4588546814885871
0, 0.22811759143273644
1, 0.44107720910223164
2, 0.918210194219163
0, 0.016632362429995235
0, 0.017283131070971777
1, 0.44392416579085486
2, 1.4929953450819922
0, 0.05492205867491576
1, 0.533158503232928
1, 0.44226918634287476
0, 2.459554729586558e-05
0, 0.0017231859507883269
1, 0.6379458973873215
0, 0.07272398415687875
0, 0.2323120463424777
0, 0.2707484028275457
0, 0.28640193778590917
0, 0.0003008890554779119
1, 0.4588296958838129
0, 0.2655723177901426
0, 0.07165350283500992
2, 0.8858195567478453
1, 0.49514425271405976
2, 1.4413285916506635
0, 0.018964225491264784
1, 1.2704466411248365
2, 1.4788620032919433
0, 2.5064694712261665e-05
3, 1.5715479559950853
1, 1.0345413328911046
2, 1.308463738443498
0, 0.00029992443292549073
0, 0.2825540251640915
0, 0.038315194347802624
0, 0.2341347823118258
0, 0.036214871319077815
0, 0.0006320712589923088
0, 0.10928769753952976
0, 0.07692239140805947
1, 0.6374012340785359
1, 1.0402549096827522
0, 0.23256688129144415
1, 0.5304055801918538
0, 0.27090101379508896
1, 0.6526320186084906
1, 0.5169233857285489
0, 0.2116041655202794
0, 0.01760773515012514
2, 0.8827800458509687
0, 0.05636647424517278
2, 0.8825490650799938
1, 0.497419901173937
2, 1.1528520051001923
1, 0.6849652268165365
1, 0.7139234994861302
0, 0.21528379676352596
1, 0.5334575616160445
1, 0.44145153461626724
3, 2.533149730542155
0, 0.01693345937900486
1, 1.2354122135891372
0, 0.03326116262308669
2, 0.8818752119264643
3, 1.8990850585157129
2, 0.8981816993989674
1, 1.6167622010002696
1, 0.8316528942756531
2, 0.9148155034298192
0, 0.017281947277933835
1, 0.4971896306620399
0, 0.21297920373112847
0, 0.033538422705048414
0, 0.03780849440577409
0, 2.42494589374082e-05
1, 0.6380298250960612
1, 1.0175363527655659
0, 0.033562517742598885
1, 1.0269036464059846
0, 0.001746664740164304
2, 0.9168124945491193
0, 0.19487636687703233
0, 0.018959221678023566
0, 0.23231170145058053
0, 0.0017006840737352467
1, 1.0949206172228025
0, 0.23228842018232407
1, 0.6357019083942282
0, 0.05189575487646978
0, 0.25064458169518244
3, 1.5507726700132252
0, 0.016634380451346492
0, 0.2322876824331417
1, 0.4820587607815003
0, 0.0009510078952016622
0, 0.22925990126749984
1, 0.49209182141146207
1, 0.6371477585975621
0, 0.3041903177113583
1, 1.232315422963389
0, 0.19520308860654295
0, 0.27326834244614207
0, 0.3030808117424796
1, 0.4799602778314102
2, 1.4799631079732132
0, 0.0719019766742661
1, 0.4427517763899986
0, 0.052737961361559234
1, 0.47851370334140125
2, 1.0758494894968291
1, 0.4792125408768214
0, 0.0685258381427423
0, 0.11018362758625222
2, 0.9314419727768815
0, 0.01853555770722867
0, 0.0031721822667220463
0, 0.19604688578662574
0, 0.4443658589978614
1, 0.48141517891454805
0, 0.00319514783493995
2, 1.743834394520081
0, 1.439304215927052e-06
0, 0.0023750120106661443
2, 1.0758540725684527
0, 0.020406850330305603
0, 0.00342638724935339
0, 0.2655494767762612
0, 0.09240686375441651
0, 0.03864589696207667
1, 0.4422012102836984
0, 0.020105723145782788
0, 0.03531351094607174
0, 0.07577709895332033
0, 0.034986756167864404
2, 0.9497979025847774
1, 0.516298098505096
0, 0.016906953344986323
1, 0.49826485116498437
0, 0.2495692721514589
0, 0.25097142111737586
1, 0.7298064236543645
0, 0.054672077436333746
0, 0.2128840077442896
2, 0.8832506721556753
0, 0.018101913489882993
1, 0.6371274601262694
0, 0.03326543117426935
0, 0.19429837352674845
1, 0.6390993586582896
2, 1.1152854625380253
0, 0.26337356947860924
1, 0.4410997067287067
1, 0.4439036720967362
0, 0.03391427100805325
2, 1.112210813417715
1, 0.4407988962180691
1, 0.45885421173023727
0, 0.19767747397931074
1, 0.4614325348451795
0, 0.0006506970534932563
1, 0.6350538984133581
0, 0.01760932016568891
0, 0.035890042390490505
5, 2.5101152444432717
1, 0.4760828559585508
0, 0.07269713142856905
1, 0.7087234780462726
1, 1.406363638309057
1, 0.4410528442308252
1, 0.48168265881820704
1, 0.6523320201200359
0, 0.6214665667270213
3, 1.3963265329889292
0, 0.03861317120053985
0, 0.19697561300604627
1, 0.6529077377790664
2, 1.512424361813519
0, 0.27498242575524445
1, 1.0020031250274732
1, 0.6364986169242369
0, 0.21118556934685614
2, 1.5301054944293582
2, 1.1152858494547855
0, 0.19430217175239572
1, 0.8296253805290024
0, 0.037761976633278946
0, 0.00027814983365054415
0, 0.002351953642099326
0, 0.0197560031872422
1, 1.0552972739397968
1, 0.5332031168838026
2, 1.1470989164130414
0, 0.00429342622044409
1, 1.2123293995024698
1, 0.45740569852616436
1, 0.4954439666438019
0, 0.21153239188006465
0, 0.0377652015155712
2, 1.4427983733560459
1, 0.4574101269231356
0, 0.03773800317867462
0, 0.03843886357643749
1, 0.6902741258577115
0, 0.03473238810941637
1, 0.5303817898394264
0, 0.09380385572116023
1, 0.45940823465987396
0, 0.1952021257547258
1, 0.6353309147488351
1, 0.49544411613039185
0, 0.07552039374984479
1, 0.44197936179417774
1, 0.6519835729713104
2, 1.4414044306197866
0, 0.04058857710942027
0, 0.018078285230800996
0, 0.21377749623274991
0, 0.47850717190524483
0, 0.22896094638838843
2, 0.9157168322675994
2, 0.9531995420872997
0, 0.05579250603660283
0, 0.21100418495668133
0, 0.0015343828668824193
0, 4.8541654691346175e-05
2, 0.8821056058189312
0, 0.018354970778365436
1, 0.6873390263929188
3, 1.881853604053841
1, 1.0392374369038353
0, 0.40778524247926407
1, 0.8474036995890357
1, 1.197751911465663
0, 0.00174681628637922
0, 0.016632601452355608
0, 0.40725596448696827
1, 0.4799351817078443
3, 1.5349305352686375
0, 0.016655490577636167
3, 1.6102374505712158
0, 0.057517407075247155
0, 0.03444120795223884
0, 0.19460401200015928
0, 0.0006279630197815839
0, 0.002302232760028005
0, 0.01975623060149285
0, 0.00030031705414953005
1, 0.6743424207312064
0, 0.19572237219756067
0, 0.2310097337234498
1, 0.6557828094574444
0, 0.017591295460810775
0, 0.03361260632074522
1, 0.49639686166218383
0, 0.06709853858483149
1, 0.5168751664827487
0, 0.49791351500549547
1, 0.45742962792354375
1, 0.4954184795215344
0, 0.055294060912050066
0, 0.054920778922194706
0, 0.002253426080851676
0, 0.017461555951777733
0, 0.07689671124934738
0, 0.000977382775087108
1, 0.5141035010743116
0, 0.03864241410975392
1, 0.7089203436987175
0, 0.0005801677098262153
0, 0.0006988435874945659
1, 1.2700273951509489
0, 0.23371401611862072
2, 1.4829148614474734
2, 1.7238620868891574
1, 0.44536015568080267
0, 0.23398755217731718
1, 0.45833582047274896
0, 4.903810379538781e-05
0, 0.052796358875470115
0, 0.07866936811500723
0, 0.23203831688197507
0, 0.2109530484663736
0, 0.0026282474832212827
0, 0.21263141934355173
1, 0.47461427066625145
1, 0.5706397637773272
0, 0.0546678536851408
0, 0.018363609816902014
0, 0.07638053361242353
0, 0.03863992620498914
0, 0.42416419990482346
1, 0.44222426477812427
0, 0.2124343283960688
0, 0.09410385346496791
0, 0.0933600174965267
0, 0.0031734059697743297
0, 0.22756453932621193
0, 0.0031698445992451867
0, 0.24947270178998696
0, 0.0014293207578769292
2, 1.4761109711263323
0, 0.1955038224828847
0, 0.6251406117044275
1, 0.5361381175078362
1, 0.9392946099659278
3, 2.1334382910796075
0, 0.05536827729805579
3, 1.684358037156089
1, 0.7909743845047272
2, 1.1439068963419499
3, 2.166383120596235
1, 0.7410340768903027
2, 1.5266290962292983
2, 1.2228732597277647
3, 1.6117319149807303
1, 0.5252549664068157
1, 0.5489413841455665
0, 0.24537368870821497
1, 1.0591911697645529
0, 0.30652048162473067
2, 1.0272477206937194
1, 0.8474879863332754
1, 0.5120991417962983
0, 0.03499249081526841
1, 0.8972802309929969
0, 0.0029062213699935927
1, 0.6960702315466287
2, 0.9500740510912967
2, 2.2898052480837827
0, 0.8124429433516206
0, 0.25259666084730936
0, 0.46587772667041705
0, 0.2675538049332262
3, 1.5525133609433184
2, 1.0496326955237707
2, 1.54684169224357
0, 1.0613780719988193
0, 0.4852782010876503
4, 1.975709340804592
1, 0.4977469551316388
1, 0.7223865770239474
4, 2.3267360170388423
1, 0.8638391195417999
0, 0.22881871863324632
1, 0.4444397590121348
0, 0.2839549591282618
1, 0.5138685389500682
1, 0.7400577520801714
0, 0.05614024163527633
0, 0.6543772865367925
0, 0.4814316935523539
1, 0.45835728115906316
3, 1.9946893808614499
0, 0.053472052277074314
0, 0.8466499822635972
0, 0.6186176249366059
2, 0.9020880245376893
1, 0.6730917425950668
1, 0.47554156411457554
4, 2.3592156340887334
3, 1.5547583510002079
4, 3.5351590664933683
2, 1.4762684548600378
1, 1.0434655423382335
3, 1.9912203158889485
2, 0.9219855749411043
1, 0.5123774514563831
0, 0.27492863262981265
3, 3.6591759856311494
0, 0.304743688278194
3, 2.6527672428016116
1, 0.9231629661553337
0, 0.4998591342740192
1, 0.551862173796887
1, 0.973396756221423
1, 0.6920455650325376
1, 0.5536940171829821
1, 1.2911991721540619
2, 1.2264732027014067
0, 0.14910016402580722
2, 1.5527869706230295
1, 0.4755456049309762
2, 0.9364134301012398
3, 2.4825385225032464
1, 0.49817848314909174
2, 1.3116853286083348
1, 1.462853008771695
0, 0.2676215685604067
0, 0.32604706512147547
1, 0.745064009439319
0, 0.07373570173414663
3, 2.727505181454607
1, 1.1211993312189679
1, 0.8829557521491826
0, 0.43902291714229313
1, 0.4800190737088401
0, 0.09562879735820765
0, 0.254767685287069
0, 1.0422975011459648
2, 1.3803960539650724
2, 2.4466927432352836
0, 0.07102523480799869
3, 1.9814329602999574
1, 0.5690450121350693
2, 1.3045940754051348
2, 1.3811366330882835
0, 0.07013089817877123
0, 0.2898267740553177
0, 0.10096561573489259
0, 0.05594870603405719
1, 1.2112576657333118
1, 0.9401443198117961
5, 2.222884217713743
2, 1.493276801866159
0, 0.21343554143505264
1, 0.6731163534202792
2, 0.9568720096589971
0, 0.6182949831733681
1, 0.9082491987272808
0, 0.3073114102651062
1, 0.49670341674832297
0, 0.2544723240870783
1, 0.8800487535316155
1, 1.4060906075436508
2, 1.0962603010482181
1, 0.6717372682841853
1, 0.5318543766577661
2, 2.2520886530031667
2, 1.9216053875072903
1, 0.7675934988824523
0, 0.5533362807889767
2, 1.3041907954601994
2, 1.1330460427264246
4, 2.5735738740548264
1, 0.7402841952281083
1, 0.5712876776113262
0, 0.2634291597171601
1, 0.45915669899858197
2, 0.993663909868794
2, 1.4690936813417153
1, 0.7136985836577467
0, 0.23152855351850665
4, 1.853357564649261
0, 0.503235617342109
0, 0.26592494705315894
0, 0.07192738660271805
1, 0.7632647563731989
1, 1.0390203035577728
2, 0.9363446937790258
1, 0.4808155142910983
1, 0.7086748674503446
3, 2.2198273474871266
1, 0.6732152629777142
1, 0.5340833204425327
2, 0.8996885872865735
1, 0.4592628864452635
1, 0.5139082176459825
2, 1.7072137238320733
1, 0.44228863986354494
0, 0.07386867960606375
2, 1.1350401484017243
1, 0.5900519972897561
2, 1.7080489811886639
2, 2.2737143469059062
1, 0.6931393622191807
3, 2.109737792443145
0, 0.03903764429969492
1, 0.6914233559035449
2, 1.3261943252324009
2, 1.733281640315258
1, 0.7052483946508281
1, 1.078148636851658
1, 0.6930524350604343
2, 1.8320036643743893
2, 1.205719536245449
1, 1.2210009393096173
2, 0.8844031787947868
5, 2.4656482347097692
1, 0.496642383257062
4, 1.7840630374141215
3, 2.3524733188501967
1, 0.5079316825315182
0, 0.004057616667593223
0, 0.27528269799997773
1, 0.6911666525746467
2, 1.093962705110864
1, 0.6560343546894606
4, 3.206569429795288
1, 0.7053234337919198
1, 1.0192338193756372
2, 1.485748704496706
2, 1.0958852411405193
1, 0.5163202443830678
3, 2.587122706385818
2, 1.4809135887564933
2, 1.895672030402404
2, 1.504509342758009
2, 1.5170533121438072
1, 1.081591144944775
0, 0.2361476331839679
0, 0.04116672936918863
2, 1.192648908501408
1, 0.979293392616091
1, 0.4638093958802869
1, 1.1125821614417206
1, 1.0718319227186643
0, 0.251275808425569
4, 3.5136808619124356
0, 0.23698900673764428
0, 0.3039186086741499
1, 1.01693736350207
2, 0.9002533442071741
1, 1.112534271718938
2, 0.8995871552475204
0, 0.3219188733296396
1, 1.2154868953850815
1, 0.8860797330194496
1, 0.6278129251916379
4, 2.4112309451715728
0, 0.3787222412909559
0, 0.2332439663608155
1, 0.4433821472674295
3, 1.8999060194941333
1, 0.49195147929342753
3, 3.2940502423087343
4, 2.2045474029547534
3, 1.995211332996809
2, 1.1528198328399546
0, 0.24897230112830906
0, 0.0941512672928583
0, 0.10978046540702145
4, 3.1821328403989577
2, 1.9602506092143566
2, 1.3091449972832463
1, 0.5279322467505952
1, 1.5199115066418336
1, 1.2126585927969022
1, 0.8652892698969157
0, 0.05079795036680238
2, 1.5222190021618092
0, 0.46504345485400367
0, 0.25106714147710235
0, 0.23428941464974726
2, 0.9534812300976898
3, 1.339305036508
3, 1.3603944936681587
0, 0.32769622076454613
0, 0.019266380381730654
4, 2.5612803727356104
1, 0.5141218246721206
1, 0.6900441698336641
0, 0.268927336134589
1, 1.0729012990367324
2, 1.3428492580483997
1, 1.0609195699341882
1, 0.6714948948434911
1, 1.2159194350963638
1, 0.4766903823904664
1, 0.6925751026201924
0, 0.3605706395461247
0, 0.166249986225862
0, 0.32378746611154374
2, 1.6764175106433392
1, 0.9398639339187522
1, 0.7089062075727351
0, 0.27775626756391686
2, 1.7627921824306731
0, 0.2840498650503319
0, 0.46165051349520764
0, 0.3157948850299417
1, 1.2343390391939935
1, 0.5265572796287481
4, 2.3749745677925356
0, 0.4258455511825611
1, 0.5685141081795728
1, 0.709448215537173
2, 1.5774527629984347
3, 1.859948451842909
1, 0.4595387864227553
1, 0.5174974773086538
0, 0.2501243785193916
2, 1.1866689694142747
3, 1.78255014708312
2, 1.6004037921823204
1, 1.0196099986731846
0, 0.041394810967908424
1, 0.7283124688488669
3, 1.73324723827884
0, 0.6927932747527775
0, 0.6893840672617041
1, 1.0242299691536845
0, 0.266126175430213
0, 0.07644947556003172
2, 1.5734134833972337
0, 0.5299744662741928
0, 0.2129347191675218
3, 1.5752230441572082
2, 0.9393432639274812
1, 1.0923098534307896
0, 0.03541552903415858
0, 0.019985881608046496
2, 1.7616470395422685
2, 1.1644293530977716
2, 0.9202669912632753
5, 2.563989497285626
2, 1.7115949575646139
2, 1.2712359199922616
1, 0.8804739795016827
1, 1.4422157977428032
0, 0.39271002845104025
1, 1.503144699101037
3, 1.7666722594222182
0, 0.26402717690433475
0, 0.1316242416190864
1, 0.6867275023451479
1, 0.6695215543122812
1, 1.0732990724813765
1, 1.052272256611829
0, 0.16573165070164467
1, 0.5510059714896111
4, 3.129823165793596
4, 3.2185920470090115
0, 0.8122402263332875
0, 0.2671271941118319
1, 0.9176047558028972
1, 1.0391124618068677
2, 1.0138754078880823
1, 0.9023754007094834
0, 0.07247873806436304
0, 0.6559051760829999
0, 0.24929267381402467
4, 2.5876746428077673
1, 0.7024540329925668
2, 1.0458557661561179
1, 0.9348148482045985
1, 0.7235826431968027
2, 0.9005084526952918
0, 0.28900311297645925
1, 1.1137199039493741
2, 2.8552808721793963
1, 0.5465765392511791
1, 1.3920289543780708
0, 0.07509723910885084
0, 0.019411281994598534
0, 0.019636685444005948
0, 0.0874790913168179
1, 1.2617486976848444
0, 0.3259498113973342
0, 0.0750690412185644
3, 1.9895854632436671
1, 0.4583607354703502
1, 0.6904181814696424
2, 1.6083732488591727
0, 0.5380257355244252
2, 1.7849955570402145
0, 0.14939887708646027
1, 0.6856184904634596
2, 0.9540289654676376
3, 1.5510156098727672
3, 2.1116921129697643
1, 1.2476155337885177
0, 0.09366062901452304
1, 0.5744780808552472
0, 0.4476222293596355
1, 0.6747418107706233
0, 0.03871380015179076
1, 0.6540565632740911
1, 0.9226325644052266
1, 0.768497200519241
0, 0.407207935923207
0, 0.2541428626495914
2, 1.1115459470018298
2, 1.3957481487655101
5, 3.556218842686407
1, 0.9596262646962878
0, 0.001628893603493541
1, 0.7456439536886218
2, 1.2570056620169041
1, 0.7236024513711832
1, 0.670967482007879
0, 0.021262751635918845
1, 0.6731375563803076
1, 0.5121213026611737
1, 1.1055123399392113
1, 0.5303801617303899
2, 1.5137490118880879
0, 0.25009339501331806
1, 0.4757872024779649
1, 0.7658426965588145
1, 0.6688730310731174
1, 0.5318322966195862
1, 0.49179864191295675
0, 0.0218515089364249
5, 2.814788046931116
0, 0.021332904959341273
2, 1.0594361505692078
0, 0.23586628725217348
3, 2.116568300482754
0, 0.7623106447813438
1, 1.0414832805754333
7, 4.070814533513448
1, 0.5263069765316352
1, 0.71965189723182
4, 1.819797054472408
3, 1.5876695927697244
1, 0.8693409835019429
1, 0.6540569565160567
1, 1.4762493017937648
2, 1.3040398728454226
1, 0.9195340878600105
0, 0.2703970048621111
1, 0.6908451949671167
2, 0.9031841413459807
2, 1.117071031335465
1, 0.6928914623578417
1, 0.5169472787644247
1, 0.49919443071321307
2, 0.9348921497238686
1, 1.4610818031762935
1, 0.6546115172375128
2, 1.163733105832553
4, 2.846237776848972
0, 0.27237628604202474
1, 1.2129089928809997
0, 0.037949815438448394
0, 0.0415435026243019
0, 0.072473103328648
0, 0.3250192734529741
1, 0.4755738036067776
1, 1.6572226946299702
1, 0.45893388262086066
0, 0.05734346580019052
0, 0.6553028149297215
0, 0.05669443288068126
1, 0.5515973513920677
1, 0.5087785974474466
3, 1.573342978377688
1, 0.5534871776437486
2, 1.168257092579872
1, 0.6771054170205753
2, 2.0620108332216085
2, 1.0947871052380016
2, 1.4050192016976315
1, 1.246830554640676
2, 2.285074182261904
1, 0.5750988133262561
0, 0.2704794275005347
2, 1.1142133506382332
1, 0.6732056747871287
2, 1.3265561581339478
2, 1.1688560632995681
2, 1.923732328813679
1, 0.674626826699423
0, 0.44526937169349345
2, 0.9214816029189798
2, 0.9558087429547133
1, 1.0731107357644027
0, 0.08795796760327446
2, 1.1120679564620348
4, 1.8189962915155173
1, 0.531154296198667
1, 1.2370611266948592
2, 1.1189161932101896
1, 0.670713183109452
2, 1.364135263163202
1, 0.6713149473185543
1, 0.6934017036148509
3, 1.396450271868415
3, 2.1741293049397425
4, 1.7806615534670007
2, 1.5169926276067625
3, 2.3290010643280588
2, 1.3640730081979755
0, 0.09410789488402117
0, 0.058195366005693534
0, 0.39353615152040344
1, 0.5075771894081775
1, 0.8474472244422815
0, 0.018428453510725532
0, 0.054418596055218434
1, 1.0783158396275097
2, 0.9005478348723929
1, 0.6926762571592087
2, 1.6762179791511058
2, 0.9239923890524072
1, 0.9084512388074502
0, 0.03654372087448065
2, 0.9983425759416402
2, 0.8829640227923166
1, 0.6537058714933689
2, 1.668684156794219
1, 0.9369832652946222
0, 0.2828370542227637
1, 0.9135021421407685
2, 1.7098243228916579
0, 0.0749053323278537
1, 0.495698649279189
2, 0.9763546991531235
0, 0.4220900066149646
2, 1.0950943611156465
0, 0.3422281666223203
1, 0.46094994309898024
1, 0.48261329455195795
1, 0.4763128569346237
4, 1.8183987839101412
0, 0.10666140515450134
0, 0.23103901831668525
1, 0.7278185950915045
2, 0.8994362362811782
1, 0.9435077218854607
1, 0.9753772420587974
3, 2.12815856582752
2, 1.1311181823030148
1, 1.1998841160745406
0, 0.4940883852605327
0, 0.23438519062521657
1, 0.5851028612873312
0, 0.0011323341264010912
0, 0.30373293471344304
3, 1.9837112297536519
0, 0.07364782843052806
0, 0.033308422483990914
1, 0.6898109210309152
2, 1.1280966514151713
0, 0.23322087943360356
0, 0.1220699609456079
0, 0.2687223340111655
3, 1.5553102676561086
0, 0.10539235565484976
1, 0.6217627359406295
2, 0.9501945803426907
2, 1.7073250375361626
1, 0.7083976832936003
0, 0.14653006622805967
3, 2.21816931168162
1, 1.0190302612725484
2, 1.4941197844475893
0, 0.4441228260171506
3, 3.0578990468696268
1, 1.1332674196748769
1, 0.6282141895244521
0, 0.2149630548832424
0, 0.46582823300578924
2, 0.9007869499492704
0, 0.11031111313932525
1, 0.5018692093767929
4, 1.796939613512274
2, 0.9681524814105023
3, 1.4196837659990718
1, 0.7312041152631776
0, 0.5022523096396454
1, 0.9189522326622644
0, 0.07372970344661273
2, 2.307637816280034
2, 0.958901204436812
2, 0.9707323773608351
2, 1.5147782953621343
2, 1.6251791486445109
2, 1.3071935000269843
1, 0.4766904741277469
2, 1.1685319849666067
2, 1.008073506241274
1, 0.44268438762489964
3, 1.399080034125988
0, 0.4987651436814145
2, 0.9720825825004374
2, 2.4455709197208115
1, 0.6538054500022873
3, 2.1854160455457694
1, 1.111591372744748
2, 1.1527703274210916
1, 0.8195334256176856
0, 0.269118498405782
0, 0.20411906616911615
1, 0.8888912644133405
1, 0.4621824658372009
1, 0.5150268412091713
3, 1.6636803326196292
1, 1.0422448151712727
2, 1.692047393575096
1, 1.2349181135001006
0, 0.40806411560974953
1, 0.7289296837965861
3, 2.1162167193044237
3, 1.9875880310115603
0, 0.32292252879461353
0, 0.14094466084587715
2, 0.9171401614622058
2, 0.8993614015386614
1, 0.9150844772903654
0, 0.2676027396825348
0, 0.23351043202417238
1, 0.691931218476922
0, 0.46370203162637674
1, 0.673740678315333
3, 1.610030544665076
0, 0.4467628708353499
0, 0.8364283365066377
1, 1.3225844697581555
3, 2.0538045037931227
3, 1.6180242478504567
2, 1.1313357296637045
1, 0.9403861920764001
2, 2.0267241805816276
0, 0.3170228748041805
0, 0.2144386800289163
2, 0.9923386291245366
3, 1.3606927255611212
1, 0.751459515455918
0, 0.6378704331684802
2, 1.2723566969688909
2, 1.9029793711473426
4, 1.7653834202934708
2, 1.1679549839031769
1, 0.7078247203087186
2, 1.1311675477786922
0, 0.25103152387443534
0, 0.409597145329881
2, 2.468021270853415
1, 1.2509450188523672
0, 0.19430329498089072
2, 1.185141152263969
5, 2.368817773783224
3, 2.0799604887926475
2, 1.0942917650163868
2, 1.4611355645348578
1, 1.0386369533864308
3, 1.8879549540733758
0, 0.016955914665850294
2, 1.7028251942419261
3, 2.1483219415822083
2, 1.1918330403969164
1, 0.9020724430544677
3, 2.1329872972054322
1, 0.45923999789615366
1, 0.46008780771630226
1, 0.45953206850637346
0, 0.44674032527525387
3, 2.1270994590759016
1, 0.5513433760377916
4, 1.8198461821797893
2, 1.4611103987188647
1, 0.5118096070551311
4, 1.991564540747458
1, 0.4417050586809294
2, 1.7256927820878558
0, 0.19903288180689407
1, 0.7307335646681004
0, 0.1438570314617687
0, 0.6005672332242539
2, 1.246825970770032
0, 0.054594729631820535
0, 0.0715539350938622
1, 0.6754907476968802
1, 1.069382483093309
1, 0.6369345128577673
0, 0.2126598995729142
1, 1.1135576847692819
1, 0.7086015964950573
0, 0.149125300062504
1, 1.0772467020470984
1, 0.5890427089984223
0, 0.4776349457806714
1, 0.799077844253294
0, 0.3061916559208904
2, 1.2210554714342645
1, 1.47352040476443
2, 1.5898255451508378
2, 1.11066598858275
3, 1.7690539566359844
3, 1.9711829435323274
2, 1.3774874036357503
1, 0.5698920881289156
2, 1.3110572551852324
1, 0.707588172580403
2, 1.290586070837261
0, 0.067727037117445
3, 1.4452492939626276
0, 0.09313842176040303
0, 0.1969229586735985
2, 1.3217232617369787
1, 1.3023082411907805
1, 1.1133513972657894
1, 0.6084733132582134
1, 0.7251007370769219
2, 0.9337764028366139
0, 0.9055124146195674
2, 1.1170115214044234
1, 0.4764153229473689
2, 1.6350792204896343
1, 1.3365776157391336
3, 2.1274422355196356
2, 1.512701112750663
0, 0.5847337954784891
2, 2.29127723483459
3, 1.5742031931056377
1, 0.478396987100793
2, 1.1100154457441775
2, 1.1818343221091825
4, 2.3957249318182496
0, 0.0009801305605839459
0, 0.46404970635714854
1, 0.47833852353157413
4, 3.1743777734935548
2, 0.9157382372515004
2, 1.1156963128048498
1, 0.9009777913079752
2, 1.8720890259707557
2, 1.1105197972923921
0, 0.38915931400765363
2, 1.686746078923051
1, 0.6546067094124403
3, 2.1651802605517623
0, 0.8133872702659478
1, 0.6092830618405358
1, 1.2499951217222411
0, 0.2658796601676979
1, 1.444476087154682
2, 0.9534792908548606
1, 0.49409251280390365
2, 1.6871169304570437
0, 0.24709647959168
0, 0.64239324835376
1, 1.3074110148611362
1, 0.9140265380559097
1, 0.9742015994257736
0, 0.8113635547383702
1, 1.0795114613837538
2, 1.552913375731607
1, 0.7294588712162136
2, 1.1103455898779222
1, 1.076047338397457
2, 1.258511214441565
2, 0.9758125292002787
0, 0.5489271865731599
1, 0.6897192506244343
0, 0.2138159102231768
1, 1.1940715338184753
3, 2.3090414177290874
1, 0.5501132844608605
0, 0.056817308854527244
3, 2.0928293464193777
0, 0.2306315928155437
2, 1.8670173815068842
1, 0.46126876605208167
1, 0.8313278764432299
0, 0.07220582249870029
0, 0.5412547646721355
0, 0.2881073114857193
0, 0.6187420116846954
0, 0.25131928827884903
3, 1.7516636964532188
0, 0.0543187532646675
1, 0.497542366495253
1, 0.6402996936828264
1, 1.424089190006984
3, 1.4331595881158
4, 3.2046533502108683
0, 0.09563750288636141
3, 1.4497160035388368
1, 0.7420418086447107
1, 0.7464869753125205
3, 1.960021433084545
4, 3.589300767418944
0, 0.6354550430501144
1, 0.5709865779988744
4, 2.8199820101149355
2, 1.3963205495105537
2, 1.150624145817444
1, 1.1096660256465587
1, 0.48114618815494004
1, 0.6763414744560019
0, 0.06129115879882885
1, 0.6399989840800606
0, 0.6775122114540278
2, 1.2891391010893996
3, 1.367199855473122
2, 1.458634701111594
2, 0.9396969480022137
0, 0.2992353544991729
2, 1.1522961997897045
1, 0.4950445530284561
2, 1.6720124140975017
1, 0.4431273106792907
4, 1.7803587024474206
1, 0.8651450885369022
4, 2.392922803293591
0, 0.30456728465140903
1, 0.5138465084501604
0, 0.018462678237941513
5, 2.2396474471862793
1, 0.6888117307816363
1, 0.8858016880975723
1, 0.6768629351719531
2, 1.16545307295399
2, 1.1716308210946031
1, 1.3254172311872143
0, 0.9203052796883703
0, 0.2357132326306424
3, 1.9157890118953167
2, 1.0941821887501455
1, 0.4591294274844829
1, 1.0531233559199284
1, 0.47434096379361285
0, 0.05581993775552143
3, 1.450571232401165
1, 0.9043231466439906
1, 1.1963613983631431
4, 1.7969922728311076
0, 0.4610235525092909
1, 0.8254828938659482
0, 0.24763753519721265
1, 1.150217666056757
3, 3.0800142756014615
3, 1.5528126953924948
0, 0.19615548425740234
0, 0.5159658189983979
1, 0.5296067849512524
1, 1.0936589517506934
0, 0.11050822027069623
1, 0.45806685714801054
1, 1.2476422979973187
1, 0.4910460459952518
0, 0.6930548416033849
1, 1.2825835888060853
0, 0.6258246344798746
1, 0.49891951004782303
1, 0.540104202966939
0, 0.25159513532310507
4, 2.0087387389786078
1, 0.726188031957891
2, 0.9359935844808134
1, 1.0855319377730581
0, 0.34378690800184813
0, 0.2159599490669949
0, 0.21343464578991447
3, 1.4184797601127412
0, 0.2626205855650122
2, 1.9728790546343613
2, 0.9010874172323907
1, 0.7287325373178068
4, 2.432266219232562
2, 1.9226362117377431
0, 0.40763065028379014
0, 0.25162196470680626
1, 0.4434056210803046
1, 1.111853527289442
0, 0.019737251246243315
2, 2.0149617266794206
2, 1.5453473094725476
1, 1.1584200637822255
2, 1.3663263074889886
0, 0.23333318310039194
1, 0.8668446378004757
1, 0.4618938358946602
1, 0.6901180955875259
0, 0.01846575102078655
0, 0.05059307312142421
1, 0.6929493502463012
1, 0.5710144151270259
0, 0.4343775166567981
3, 2.59885867645371
4, 2.0353420948385867
1, 0.512449263271802
1, 1.32483908490017
0, 0.055391194089891585
1, 0.7124562684862091
1, 1.5363965365343217
3, 2.5150766194953382
6, 3.49056492967011
0, 0.525316034889443
0, 0.2489899611115389
2, 1.744262073567811
0, 0.31716741725082437
1, 0.8858424572434914
3, 1.3730760599376033
0, 0.6774044647605176
0, 0.06842908224581093
1, 1.0435358394485925
1, 1.112856705038435
0, 0.5845723977072264
0, 0.49936436982427723
1, 0.8655648805237734
4, 3.170205116680808
0, 0.08793292240028432
0, 0.3607271421715609
3, 1.5677455806890543
0, 0.03936631027874961
0, 0.2677009923321007
0, 0.19575557108161337
0, 0.05110277542824416
3, 2.3099701834551145
2, 1.2095928062714425
0, 0.05189412675876174
2, 1.587428481931371
2, 1.691585621722989
1, 0.6368016025287339
1, 0.47434117561594114
0, 0.2658490091901076
1, 1.090556877282322
1, 0.5459855949536181
0, 0.2678502650262082
0, 0.2286431764182253
2, 0.9174430886927146
4, 1.8365029262159913
1, 0.4627571300099849
1, 1.0725410825038812
2, 1.2885381343580402
0, 0.0569962559415527
0, 0.46169954722977313
2, 1.7150923207545665
1, 0.9017996446467964
1, 1.306058539270141
0, 0.3225203752933567
1, 0.8331476243654002
0, 0.0755946525534954
0, 0.05237727999422897
1, 0.7085878592184812
0, 0.32324338997112967
0, 0.03834131305159857
0, 0.24957573995902674
0, 0.21468625421033702
2, 1.0104124089777948
2, 1.6533822449783284
1, 0.9760977944623419
2, 1.154020199759674
0, 0.03528880611290087
0, 0.21330379399952765
0, 0.49938184799913327
1, 1.2524441293785782
1, 0.6237140243387925
2, 1.8511847252672295
2, 0.9906080818791304
2, 1.1818584938151186
1, 0.9908972631775796
1, 1.1496667445135662
0, 0.0784511910980713
2, 1.4749477033448566
1, 1.46013084653466
1, 0.6786341959757695
1, 0.5331811620211495
0, 0.0890823028973706
0, 0.07719542388454392
1, 0.5535117840809506
1, 1.07195130579317
0, 0.01783983361322949
6, 4.390150712039117
4, 3.5136067206604653
0, 0.055620717969731226
1, 1.2388094478325422
1, 0.9505423072673642
0, 0.2675766491243179
1, 0.655733077447339
0, 0.37848345486058066
2, 1.304572223393033
1, 1.07127739276475
1, 0.492302034431897
1, 0.6428008572974305
1, 0.6692225188848547
0, 0.24416752822817384
4, 1.8191674729111487
1, 0.7080743396458891
1, 0.6087428470622793
0, 0.3038415396409408
0, 0.34365395721172864
1, 1.3433285958536327
0, 0.19485965685172718
3, 1.9323773413486025
1, 1.2913813773978344
2, 1.133894161863309
1, 0.5996870672582996
1, 1.0414628035354432
2, 1.867385038074584
0, 0.4606833556098863
1, 0.6933487845991811
0, 0.2876078542533559
1, 0.9029758283158885
0, 0.18910218198079445
3, 1.602903894523022
2, 0.9021633866504181
1, 1.0719220908760552
1, 1.214034941357288
1, 0.45946532805954854
2, 1.3247955738750965
2, 1.51464598015933
0, 0.1325693227142495
1, 0.48021638029603075
3, 1.3798663742380246
1, 0.6749818859260287
1, 0.7059858394133068
1, 0.4449529565706955
0, 0.42479235661253795
1, 0.8637924183759067
0, 0.19662512309131563
2, 1.690393549966961
3, 1.4072268107896095
2, 1.1103371411083303
2, 1.7488899230994073
0, 0.40690911619820935
2, 1.040501517712996
0, 0.03616100595980659
2, 0.9733302551438077
1, 0.9387101880070322
1, 0.670615997401304
0, 0.019557702578761802
1, 0.7960321665850245
1, 0.6430666976897902
1, 0.5127289662991421
2, 1.4604335681832281
1, 1.0196840020941538
1, 0.5341380265395331
1, 0.8700180463794933
1, 0.8468577365156001
1, 0.4968919853368525
2, 1.307114795015505
0, 0.4309039806159529
3, 1.5728025090354192
1, 1.4238395712995335
0, 0.8555293361755855
0, 0.46523114847175245
0, 0.05159583907665646
0, 0.1620257801472121
1, 0.7229573757932111
3, 1.98828379919457
0, 0.7307455548029552
0, 0.5145880778431074
3, 1.5275906638763592
1, 0.4778860864925681
0, 0.6909417106425463
1, 0.552219921965671
0, 0.5103706380728024
1, 0.7444158567619059
1, 1.0175621450002246
1, 0.6380050689311874
1, 0.7303352649014347
0, 0.48256001760543393
2, 1.1699106683464553
0, 0.4469686224318556
2, 1.1709041117640189
0, 0.21594080930994128
2, 1.1515540662891226
0, 0.323067873632163
0, 0.4790106885615729
0, 0.4261657705110808
1, 0.7320536171908649
2, 1.337252760280007
0, 0.42298848482167567
0, 0.5854531726810894
2, 1.6384033660644974
0, 0.14184778084025623
2, 1.7472807726267847
2, 1.4979181210522472
2, 0.9339943516769597
0, 0.44409350731553404
5, 3.01206927322741
1, 1.1020195266071884
2, 1.8849966950488064
0, 0.4444964863556894
1, 1.0404433651686529
0, 0.2515704594557761
0, 0.2881068111649466
1, 0.4988959468399874
1, 0.7057773740605426
1, 0.6385290312135365
1, 0.46146132195139916
2, 1.0031692694791796
2, 1.8691143724672779
0, 0.32046271521231057
2, 1.4766408689899782
2, 1.0287440983498015
1, 0.7439273982340414
1, 1.2329908045284759
0, 0.3260332058149398
1, 0.6517110524753688
1, 1.0614788653021003
0, 0.8671758286234376
4, 2.5515872618261413
1, 0.7214458141677778
2, 1.43948249840711
0, 0.6351432443678615
1, 0.9181808589779962
1, 0.7425291525901428
2, 0.9364761015452671
0, 0.7319278470487862
3, 1.5872765943054992
5, 3.5724485078014365
4, 2.398555521729647
1, 0.6745584920042946
2, 1.2896102823946418
1, 0.6764855433886847
1, 0.6920247411844292
1, 0.7247049971915633
1, 0.6383922185583746
0, 0.2843068490154075
0, 0.05825446364212812
2, 2.1553236973531607
3, 2.14777452066827
0, 0.43073462424643644
0, 0.021830038489856048
2, 1.535365996848701
0, 0.2903138120556688
1, 0.8492133246804207
1, 1.2706048105001824
1, 1.461020641715779
1, 0.7439065482382743
2, 0.9591249150071544
2, 1.1182423717792667
0, 0.6599006182115995
2, 1.6740130671733704
3, 1.3776488946845389
1, 1.0356670560529633
2, 1.0576928399522587
0, 0.40783385573193903
1, 1.3093669257142975
4, 2.4094830168122705
2, 0.9371518109012645
1, 0.9406654551910875
0, 0.23424235816126635
2, 1.4414762056476618
0, 0.07157514965785478
2, 1.9023732534763083
0, 0.32338961629199914
3, 1.6466523284959245
2, 0.9351685954520349
0, 0.33772500705095343
1, 0.8708153854896381
1, 1.0544430971913794
3, 2.5183813412676974
0, 0.49471387340862766
2, 1.3648090240109965
4, 3.4934777108827544
0, 0.033889555314661486
2, 1.326215619526392
0, 0.44249790479059237
2, 2.03551539680044
1, 0.4620642616682806
2, 1.0767046442244455
2, 1.2378145832916847
1, 0.9012747231903188
2, 1.095460839281857
1, 0.724126187965476
2, 2.343460456556433
0, 0.6029787299856973
0, 0.306157279030489
0, 0.19690661027889958
2, 1.6912534021794656
0, 0.24921961926583105
1, 1.4235367461051356
1, 0.5145000880906178
0, 0.09241108626018467
1, 0.7080523081881755
0, 2.766236771766257e-05
0, 0.2343662639076616
3, 2.535534171704098
2, 1.6033517310804477
4, 2.5367796507818414
4, 2.9014852853519586
2, 1.5157547019640154
2, 0.9529204350161955
0, 0.2702270058023091
2, 1.429096635590787
0, 0.40745997107122844
1, 0.674135962853677
1, 0.63570235327326
2, 1.0130177840660095
1, 0.6866891959735454
1, 1.2288375786412395
4, 1.9916120399147175
1, 0.8852512509823762
0, 0.6713856486819798
1, 0.6732806213818596
2, 1.6558559421344954
0, 0.03386243844980994
3, 1.9379232309774257
0, 0.3222899539004078
0, 0.46325117298063967
3, 2.291785136505667
2, 0.972109040852166
1, 0.52956054695122
1, 1.216053026599237
1, 0.88514248392427
1, 0.8362167401167062
1, 1.391748192059158
2, 1.2873596646489733
1, 1.2690500568768373
2, 1.3251669841003904
2, 1.904201083414499
1, 0.9143592658437699
1, 0.670990787963563
0, 0.5388261744421735
0, 0.07364976600189915
2, 1.0939138247285423
1, 0.7220245808405978
1, 0.497847400826459
2, 1.7613445554986826
1, 1.235544285771457
0, 0.0026542589466592597
2, 1.5577325810391158
2, 1.0962373555405365
1, 1.586826330523839
2, 1.1661270813380662
2, 2.246941618858129
3, 2.1816646809093263
1, 0.6700360639576436
1, 1.0041019140644691
0, 0.07535021318838472
1, 0.49334267885965954
0, 0.07889918834267363
4, 2.159166904380855
0, 0.44703958566221863
0, 0.01755950502999209
0, 0.21265527701647444
0, 0.42413642135155794
0, 0.5168724790016397
0, 0.2513727683277562
3, 2.114236168279245
1, 0.6861746316981349
2, 1.1659115838537342
1, 1.1130111746688238
0, 0.19860269790156215
1, 0.567719107342341
1, 1.0744484737089184
0, 0.6201753715271117
1, 0.7455326692398501
2, 1.5144034299804043
1, 0.4413557991006455
0, 0.01953372467530483
1, 0.7245103732612624
0, 0.1299173819591762
1, 0.8303007030354496
0, 0.0017844907235648366
2, 1.778249026417403
1, 0.7616765999980315
2, 1.2890827171493218
1, 0.5344391135273642
1, 0.7389070868690506
2, 1.2276262420846658
1, 1.2504499668472522
0, 0.09060555062988729
2, 0.9704326337654711
0, 0.08377823061184463
0, 0.0847347766887981
1, 0.9956566071620913
1, 0.6376795500925821
0, 0.45592719935566395
2, 2.5335946412390626
1, 0.9810428219791312
2, 1.0927648226478115
3, 1.4271874559158173
2, 1.0324512002322481
2, 1.1837635438898888
4, 2.606951126083358
2, 1.7446654616585973
2, 1.4970165228111367
0, 0.2134625200758192
0, 0.23161621211282193
3, 2.0105729525430256
3, 2.379487710018698
0, 0.2696263244545877
1, 0.8991217717996307
2, 0.9370461767905679
2, 0.9507259494498347
0, 0.23532794415237576
0, 0.03589223127126137
1, 1.0650375468433637
2, 1.4957247686045942
4, 2.925276140566885
1, 0.49640141491284867
2, 1.2718595793392722
2, 1.093708731374516
0, 0.0888377276853328
2, 1.6570385585495986
3, 1.8230709494637813
0, 0.11111900955413015
0, 0.19545842236749758
5, 2.4853330383982883
3, 1.9986148463834992
1, 0.6220418523559759
0, 0.24593805680440975
0, 0.1987789673478974
3, 2.864212057512574
0, 0.6517507384125869
1, 0.5082478371087633
2, 1.69221285583988
2, 1.9246836279696204
2, 1.109113954923258
2, 1.532316607359508
0, 0.4390464552479741
1, 0.5090513539824192
2, 1.3586572590074903
0, 0.3365994944998645
2, 1.1324703041849993
1, 0.7587246343946866
2, 1.6898978368500281
3, 3.081673282259364
0, 0.26842991522921866
1, 0.7424596992566908
1, 0.5301296855566371
3, 1.534163778131648
1, 0.5177814757466613
4, 2.5529145306867154
1, 0.7077518012617828
1, 0.9713257106122306
1, 1.430883126137911
2, 1.133098491320992
0, 0.6248664301587079
1, 1.460501261528393
2, 1.0798745490373813
3, 1.836539865647091
2, 1.521716950438552
1, 0.6553348814644812
2, 1.870234315656084
1, 1.6914636059433474
3, 1.7670128854218283
1, 1.072881774304802
0, 0.04041509912873789
2, 1.4563340565680205
2, 1.1103380764078492
1, 1.2332211362516672
3, 2.1815606666699923
1, 0.5561067671892642
2, 1.5517021739422923
1, 0.6367543434785162
3, 1.4660219094312397
3, 1.5570457510835505
1, 0.6697951013711314
0, 0.21186020766804112
2, 1.1217298982425319
2, 1.4815411053176923
1, 0.49271574810398305
1, 1.3259197766006277
0, 0.22883943692719447
1, 1.5058361725860727
2, 1.3645318416042673
1, 0.4434260268470792
1, 0.46141241012175893
0, 0.05019440916832651
0, 0.3888560123649892
0, 0.46311521090545643
1, 1.232959618400879
0, 0.05794049739441906
0, 0.07329794435813705
1, 1.0954299770171005
0, 0.2688322283276469
1, 0.5158770410354123
2, 1.6772818948442638
1, 0.6367998984766662
2, 0.918865809806688
0, 0.2364423909145996
0, 0.6169160499978192
0, 0.28066078119983123
1, 0.5338352691957845
1, 0.5132572711837831
2, 1.0122965558450725
1, 1.305090840395484
1, 0.6525803581993426
1, 0.4574314093959636
2, 1.6864476211843
0, 0.21560961885768307
1, 0.709254459828274
1, 1.1305574522416446
1, 0.49774995803276356
1, 0.7246542415393044
1, 0.5012418660077801
0, 0.06024407712871906
2, 1.1736252397815878
0, 0.034216744662549786
1, 0.6903448534248194
1, 0.980642620011231
0, 0.40724180464343473
0, 0.2882147465393456
2, 1.1492033642161517
2, 1.5957448941854373
4, 2.3811643302396277
3, 2.279570962948567
2, 1.10610144943834
6, 3.68230663398223
1, 1.22825926344463
0, 0.2729195042597599
1, 0.885044546782994
1, 1.4995626280747674
2, 1.4647016918581652
1, 0.9243341468526607
0, 0.07368023703784947
2, 1.2892106522178648
2, 1.1321954082041734
0, 0.5373744704795325
1, 0.5125208337461288
2, 0.9002554740440597
3, 1.7873540427301136
5, 2.8058679171700383
1, 1.5550798915710464
2, 1.1494973114874072
2, 1.7452708303200606
1, 0.6532362441987033
2, 0.9028359681672226
1, 0.5135233507750185
1, 1.0571608926670268
0, 0.39057849122487875
1, 1.2684541893027717
1, 0.9008998979551004
0, 0.6199103517799447
1, 0.5346875695310175
1, 0.8214182068434549
0, 0.020962346073401857
1, 1.3101140626718122
1, 0.6694398178817312
1, 1.2466204513516235
0, 0.46485867090432953
1, 1.3216912095391629
4, 2.3398366426672346
0, 0.0341953909724259
0, 0.4408010951137069
2, 1.111894598138598
1, 0.671944684212857
2, 1.4757638165574136
0, 0.2670441170498696
0, 0.47738358573286954
2, 1.4130503986906389
2, 0.9366160369508673
0, 0.4396984636479506
2, 1.167133051307176
1, 0.5510093065199083
4, 1.9966922366939979
1, 0.900904094095169
3, 1.3979040938241565
0, 0.24929095004281493
1, 0.5481166526168759
0, 0.12796907543373146
0, 0.24794372408063345
0, 0.0023506498606942353
0, 0.266479706926788
2, 1.3062944398757097
1, 0.5296843216424253
0, 0.23046624375753721
1, 0.5251089541192511
2, 1.9687635919327995
3, 1.4404063170947634
1, 0.7244906179886269
1, 1.4255917945016103
3, 1.7701178549559147
1, 0.6053305214241781
2, 1.1263458111500542
1, 1.0550429085447446
3, 2.133779082375866
0, 0.36037860384473847
0, 0.23588524276395315
2, 1.3257004545556605
1, 1.245915470847291
1, 0.44468232656269713
1, 1.1096834127713047
1, 0.709771873118149
0, 0.2819357277496276
1, 1.1158340501101414
1, 0.7437338531370925
0, 0.03644199568668417
3, 1.572450108433251
2, 1.1510040295061676
2, 1.4411271947707434
1, 1.3341764384528647
1, 0.5197468919924254
2, 0.9492054995807908
2, 1.149994446473945
2, 1.0148928503487218
3, 2.500243770229912
0, 0.03740863417846183
0, 0.042563071346634854
1, 0.9753452404859236
1, 0.526532493499644
0, 0.2349142252271118
2, 1.6526349048842714
1, 0.729786976385459
2, 1.3220195667663175
2, 1.5651914145674204
1, 0.5308292349244017
2, 1.446060557871975
1, 0.5317841558691601
0, 0.21485955570896437
4, 2.435291512749972
1, 0.5695977478056418
0, 0.3223760690375428
1, 1.058663170728652
0, 0.08917317216247134
0, 0.6032378938436763
1, 1.268176165332137
2, 1.4597335966905456
0, 0.39142147761317275
2, 1.1336148570336484
0, 0.8197078501646351
2, 1.175154005417816
1, 1.1930598518983928
1, 0.44273282838987466
2, 1.2082937414270476
3, 1.362416531823098
1, 1.3078252659110283
0, 0.27278306357275567
2, 1.1257449249698386
1, 0.8717625703289931
2, 1.1308175972910937
2, 1.535801892915055
0, 0.12632010603031107
3, 1.9545958208225265
