Threshold, Curve
10, 13.226299520472738
12, 16.93919489472071
10, 13.244621051383643
7, 11.719498925020078
12, 15.25980771207315
10, 14.544139703082996
9, 12.03003037880739
7, 12.367005852215577
11, 16.62851446395941
16, 19.967015305576062
4, 10.167740273364192
7, 11.038669078306526
13, 15.838274146798575
2, 8.966922816089195
5, 11.206830989037666
8, 14.22109575829576
10, 13.989617236280518
5, 12.397749332898883
8, 12.412045596885168
10, 13.60946841626493
15, 18.59584253700208
11, 13.536453008856439
9, 13.007685291146878
7, 12.406814138132656
6, 15.22755134512597
13, 14.511945055938082
11, 18.225982877731134
13, 16.43697966055751
12, 14.501828304939263
13, 18.71719512416393
10, 15.974847672960975
9, 14.185543050186673
11, 15.958676111674961
13, 19.748994255831843
8, 13.080080251927072
13, 18.616574564473247
8, 13.321914024296163
11, 13.447706070885685
15, 19.32483307405777
12, 14.804274860546704
17, 20.414161428506
9, 14.979822105751143
9, 12.196096293635467
4, 9.731755604737026
11, 14.834829654479003
5, 12.973986587353632
15, 17.28665111939985
10, 14.962485839735304
11, 14.115375637546885
7, 13.663698469265897
19, 21.249325158497907
6, 11.882879592188354
7, 11.270372155217542
10, 11.937463859409485
11, 16.328509177965334
6, 11.049532869100734
20, 24.59458111607306
8, 11.807654189200003
7, 13.221098477169912
6, 10.763853774495383
8, 12.60048976547148
7, 11.026029519297822
13, 17.403962694069854
9, 12.463087586187248
9, 14.588523490949962
8, 12.565310710932735
7, 14.337323451979076
12, 16.099112112522427
8, 12.493682907899633
12, 15.436360694614574
13, 18.1163026572631
6, 10.23963080616465
8, 14.583110373642864
9, 14.526743830233745
9, 12.265551883905257
14, 17.08238705338137
8, 11.56838748051262
17, 19.89944708745784
14, 17.682109910716722
6, 13.514923065034099
5, 11.414615636400386
9, 14.548543215362637
13, 17.78173997497736
8, 14.509558574040229
7, 13.667871913333629
8, 11.744549750165865
11, 14.030252816527458
12, 16.925307637311278
10, 15.835405344954557
10, 16.171292049562254
7, 12.50372779234516
10, 15.28273086140469
6, 10.993658096912796
11, 14.791495258237308
11, 16.32958357584343
7, 14.576760048278663
6, 9.484469740027565
14, 17.002324827296057
15, 16.826123917025413
13, 16.692505491730916
7, 14.002451742606866
10, 14.706952037827964
12, 17.450375857554885
8, 12.61954880979166
12, 17.47883225018238
17, 17.758220524541933
11, 13.769265270019176
9, 14.453228817646721
12, 21.05319878518527
11, 16.63303095499172
10, 16.0667341434541
19, 23.168402489543567
8, 13.823505656348082
6, 12.853893365876866
7, 12.561598027264958
13, 19.471777371149336
12, 16.064831059345387
12, 15.003647877303502
5, 13.75360191883815
7, 11.599852088249207
14, 17.29816111105855
11, 13.50536640418622
16, 19.488297511635764
9, 13.13973528156206
13, 16.444530515790618
3, 8.650448046866082
10, 15.645259650098305
7, 12.712881598497313
10, 13.134089331944296
14, 15.091776317395128
5, 10.451717389785792
7, 12.800231686182093
12, 16.468759902201235
11, 13.280857048765846
15, 17.897967201805297
9, 11.23644581974225
13, 15.54714307658877
5, 11.16160699419586
17, 18.48809847536726
9, 14.328140270370074
7, 11.808323410592125
6, 11.625351549293885
11, 16.594883063111386
9, 13.732869906214273
14, 18.790032250892178
8, 11.836312443247772
10, 14.806597300830752
6, 11.213176442602974
10, 18.349830858176386
15, 20.648100970806293
14, 19.26018051011281
9, 12.08891064181499
10, 13.519000588350178
11, 16.85397948395449
14, 18.040447091898283
13, 15.75721735423436
14, 18.138274041321765
7, 10.581079021245623
8, 13.22151551216035
10, 16.133340144052383
14, 16.31446874638217
12, 16.08729298979529
8, 12.18826959233205
7, 15.546449335616108
10, 11.500997599911656
8, 13.299271214990414
12, 17.77231547085441
11, 14.894740396679005
7, 13.036735229323774
9, 13.890396284719062
11, 17.318506901859248
6, 12.225277856306228
8, 13.190340079425944
11, 16.20830397359985
4, 12.488724019037491
17, 20.329707136381053
10, 15.662622707206763
8, 10.251209437664688
6, 9.479784962642551
5, 11.81889724801012
13, 15.842010210530999
14, 19.704185341853094
7, 10.834757370402313
11, 15.46853363620099
4, 12.17426635000748
14, 19.88416355533829
7, 13.386412317026371
8, 13.737070331198318
9, 13.032255681092318
10, 14.519727044438211
11, 16.439868314853946
6, 14.443976247925798
6, 12.987917602566709
12, 17.503834109538616
14, 18.448173854104187
13, 18.79903590742577
8, 14.91657047066061
7, 11.915212880807703
12, 19.60929602394965
9, 13.359227019065736
6, 11.802404601238912
15, 19.11742394865002
11, 15.580922276035494
11, 15.766757311020315
13, 16.224572857344107
10, 16.85202004503037
12, 16.547713262556314
14, 19.046761561779107
13, 18.894682302211887
13, 17.323859632390533
7, 13.608735451801104
12, 13.61719197434697
14, 17.331330220554314
5, 10.78561438500582
23, 25.98451531577817
9, 13.424111540010356
1, 6.917795443212978
7, 9.984587348401151
9, 14.569254517043918
6, 11.317732237345327
14, 16.02044017614752
8, 13.670945742457702
9, 13.15648489092228
7, 12.254617867020904
8, 13.435758566320818
10, 11.49002943714989
7, 12.32978229972606
13, 16.11353941635865
9, 14.76933197366921
9, 14.953638532583255
14, 19.129560492582705
8, 12.934748686812311
13, 18.53361646950448
13, 18.125789172293175
16, 21.468574973407325
6, 11.827277713000822
19, 21.072675701915507
11, 14.582459181136246
7, 12.521357885998736
10, 13.737871618189812
7, 11.16596547867689
9, 15.365128395009808
10, 14.935711914048488
11, 12.636962915506997
8, 12.379168814277174
11, 15.79929576364648
8, 12.971950375712114
11, 13.079091735261715
10, 14.259937319896572
14, 17.54647492869262
10, 14.70040462312362
2, 7.520017796234487
11, 16.072098366775993
11, 17.48702139939239
11, 14.216232705876001
14, 17.95589009221303
8, 14.424083635634934
9, 13.935921832862908
14, 14.79195292438464
10, 14.08486222524756
7, 10.53981904429361
15, 18.044323151358302
9, 16.132991830133527
6, 12.394811730553556
5, 13.025024165576333
5, 11.446938104621243
8, 11.170708015112346
8, 12.11537925354845
11, 16.25220346358484
13, 17.81117018392136
11, 14.911824409309842
20, 21.389658593582613
13, 16.661218268679114
8, 16.018049613369865
10, 15.657205995512676
7, 10.710746651565632
8, 13.469328424680569
10, 12.65286638890241
14, 16.858202741539916
11, 15.322733315491185
8, 13.725175162821273
15, 17.563740531791186
8, 12.681317950724935
8, 14.95749529878333
7, 13.656365511031366
9, 13.122329589896724
9, 14.739484985562468
7, 11.942147135375768
11, 15.22527269214572
9, 14.043572433321625
11, 15.815768073596825
15, 17.825258238950678
9, 13.102459069107814
7, 11.33036973089226
13, 16.866183874432842
18, 20.615634154285573
10, 17.439897559130465
6, 10.389547303455716
8, 14.402816093705638
11, 14.12649162864078
12, 14.441950605336482
3, 11.972752752634191
13, 14.544197899795588
17, 21.089092652539232
17, 18.028229820794525
12, 14.105388975871248
8, 11.724825496314946
4, 9.75184466674037
12, 15.340697879650586
8, 13.28204679806671
6, 10.40998243694176
14, 17.287871619995165
7, 14.579101512898438
13, 19.82245819585811
7, 12.847096892745117
7, 10.894940784419928
8, 12.099202136750618
18, 21.707695343637834
8, 13.90728048505116
6, 12.24649866282233
9, 13.023534005164768
7, 12.497334521463708
12, 14.11416800459999
10, 13.489592912445133
9, 12.29575546296034
17, 20.08379406711238
9, 13.488688413276185
11, 14.158587067464524
12, 18.915427422711154
9, 18.43329379011421
12, 19.142790123987005
7, 12.197761016672102
9, 13.53163489634728
8, 12.203517087857351
7, 13.270721211192704
9, 13.741537920317455
8, 13.838059859722122
12, 17.17221936643422
7, 12.067684397947508
9, 13.106461558811871
12, 17.713575136815056
6, 12.361878903694745
12, 16.72588752315455
8, 14.382390646458248
11, 15.41323710195531
11, 15.271392071806032
11, 15.29311836740315
5, 11.243792053034007
11, 14.919675004887415
17, 21.455672641846984
12, 16.439823975662627
8, 15.46838191644218
9, 12.297796192137985
15, 18.5031912515047
7, 10.426162228755668
7, 14.168504397683156
12, 14.87847337885178
9, 14.589806617799047
11, 15.443777751434341
11, 13.451067345746633
4, 10.262021913679568
3, 11.84201717439481
11, 13.764747326571973
10, 14.2333783496497
8, 15.706533254813564
9, 15.381133728456438
11, 14.035625654315634
3, 10.886404974685496
14, 19.068596709132617
7, 11.652928493651766
9, 12.1982782683184
11, 15.610405209300163
15, 17.40607370010145
6, 11.394433925076832
4, 8.87544323425529
1, 8.144741832928352
13, 19.442626608156647
4, 10.330658276098983
11, 14.794390705815163
9, 13.993870243866219
7, 10.324371098134426
10, 15.805607670944871
9, 15.772785183353864
13, 17.861183640195524
12, 15.12844160477185
14, 17.79614020202632
11, 16.839358680843485
10, 17.480181714857007
15, 17.609551885697574
6, 12.068627106076088
13, 20.093251539515066
11, 16.26969779238425
11, 16.34499619004357
11, 15.260399194068352
8, 12.870643073317696
15, 19.110527217850773
10, 14.778995136357224
10, 14.129225105864279
9, 11.748783809862875
9, 14.576695839517264
12, 22.340933477756785
13, 18.185080405836697
9, 14.043114745536968
9, 14.912821408535162
10, 16.666217732670773
8, 15.81904596323487
3, 8.9137654485373
9, 17.079429616198226
11, 14.455388401457997
11, 13.583373643713921
11, 15.843316178889797
9, 15.500113179054859
10, 13.392506013861992
14, 17.960523123852617
12, 15.37798821380869
12, 15.105627813405677
12, 16.310212943248818
7, 12.780602284395343
10, 14.250124334947778
8, 14.340869750112024
9, 13.083563763278695
8, 14.0360029404169
12, 17.393297862435727
7, 11.490301909713532
8, 13.72130732262689
21, 24.64849362413726
8, 14.295536592748055
7, 11.39302057468834
9, 14.330274043444794
11, 17.91452895878185
8, 16.019100384438822
9, 15.989133852886736
11, 15.903186604902269
7, 12.248988575878059
11, 13.40526441622265
9, 11.46271241265036
12, 16.077104714282317
7, 13.263348904204841
8, 15.333822066657623
12, 15.900072068469072
9, 12.033510022657477
7, 11.612723960161887
13, 17.185858193221595
4, 10.853437794197038
10, 16.354004684967595
10, 15.570179993341664
6, 13.342127479595721
4, 11.895332259012585
7, 11.637700279123862
13, 16.86085851544912
2, 9.324628100153518
9, 11.937699431920585
8, 15.288026069066584
14, 17.235678917430135
15, 18.458475563578077
11, 13.5934518919715
6, 14.990832920904651
6, 11.894643452877718
10, 16.519505847741137
13, 19.301384104748266
8, 13.37443510476655
9, 13.477463391117212
7, 10.56491727858372
10, 14.890012571206784
11, 16.088803570401346
7, 9.587495414647385
10, 15.254087733712007
8, 13.452098884095113
6, 12.542808460951719
11, 15.586539786400333
9, 13.082670631102987
15, 19.923229691445634
9, 11.517167970605172
9, 14.376749401067853
9, 13.594921291850742
12, 14.107054591377198
5, 9.712134214347477
11, 15.801605295461624
7, 14.857344909140716
13, 15.516311059172594
8, 13.605697966289178
13, 16.69397509348996
8, 14.607077130278114
6, 10.846032725246603
7, 11.554082576035107
6, 14.7200292505328
15, 16.946039466294216
10, 13.144740743384006
11, 14.63784814448487
9, 13.63723142252739
10, 17.332067489355683
10, 11.681023765109591
11, 15.449634998522587
10, 15.075177817237574
6, 9.677346664601044
9, 15.092897350976017
10, 15.77081127495914
6, 10.468713087674836
12, 16.41890320961068
12, 13.64803313478257
15, 17.64091822595834
5, 11.558586929115014
9, 15.174844460767519
10, 15.457305825933267
13, 16.545700612178628
11, 16.51547813078798
16, 16.93535686183162
11, 15.581546730670084
5, 8.503460443513845
6, 12.312841684401919
13, 15.64447829589825
3, 9.475777435770768
13, 21.198728234024365
10, 12.548757365316561
6, 10.060489816997267
10, 11.742150502107146
8, 11.169471558934386
10, 15.40596374545763
11, 19.12339246024737
10, 15.567162891762615
12, 13.761307678176781
13, 16.406026428067516
12, 18.626233306553523
9, 15.711347991566807
10, 16.319293586940113
9, 14.532088463064364
8, 11.758367793569462
14, 18.705363792585054
6, 8.573377451423232
7, 11.922134526494869
10, 14.93908355206906
11, 17.153014695925343
7, 9.429255701940502
6, 10.667636825025715
6, 10.232762322833299
6, 13.625621433634825
4, 7.714030108849499
13, 14.737900521877174
7, 12.44692237750409
7, 13.860033704774034
11, 14.756644614906753
9, 14.738162269227864
11, 11.20486312000515
7, 11.217224120284794
16, 22.001212036927637
16, 20.4897844113098
4, 7.460230247569892
8, 13.430151782636484
10, 15.908864855709059
6, 11.083074676237944
8, 12.18512945738193
5, 8.123764371202908
6, 10.989597484683518
13, 16.083305659626905
9, 14.61626605205203
6, 13.04318806397992
7, 13.540921451257022
12, 14.943388390724877
11, 15.503830600763226
12, 18.974368055659625
6, 12.783737883845545
4, 11.049200965641454
12, 16.67659586009667
7, 17.260526006809897
15, 19.579944044808194
5, 9.43263432548043
11, 14.520874377299585
10, 12.936674763833828
6, 13.834909238365485
7, 11.760945448269245
8, 12.260012743707035
11, 16.22065076674063
5, 12.95841792281168
7, 13.016487241320425
7, 11.33282170892031
11, 13.801357002138447
10, 13.692804151855777
23, 26.049708607004924
8, 13.874062759280298
13, 16.666389463509788
4, 10.393440436495839
13, 17.793833267057902
14, 18.108146165606122
12, 16.97989950860193
9, 14.92640087095092
13, 15.736255506712567
12, 16.083829183387795
12, 16.47029931119108
10, 14.089008142597603
6, 11.20390858294379
7, 12.928594894011797
12, 15.008402324354735
8, 15.133718302487788
10, 12.800240256225196
6, 11.669102236011662
9, 14.870397270403586
14, 16.919400397860635
10, 12.42825671515468
9, 14.94789609008249
13, 15.45411279494223
13, 17.717029104577275
11, 16.58730229602058
9, 13.08678587231564
5, 12.930071105790391
8, 12.98675966461185
7, 9.918483748361208
9, 12.613595119542097
11, 17.32549261233567
14, 19.653369941266064
16, 19.13895572692652
13, 17.386799073260136
13, 18.05045545819957
8, 13.038909450180743
6, 12.741104161306277
12, 17.09057648554266
9, 13.269640852279696
9, 14.635034274496233
8, 13.380871077940363
8, 13.361906703305523
12, 14.865809055506602
9, 17.96568409597262
11, 14.836646214389031
5, 11.575243433279704
14, 15.365567856706768
11, 16.74548374884112
9, 14.55101320154211
10, 14.682297381473889
8, 14.474211702737586
12, 16.203142604950266
10, 16.876428858857494
13, 16.178604215175238
10, 15.972951107626601
10, 13.79800935489359
14, 18.938849302557735
9, 14.19476775573682
12, 15.538361666701896
14, 18.759489214362265
7, 13.030105694299898
10, 13.700654216904297
9, 11.761846889775518
4, 8.883622448308095
18, 22.491608451979456
5, 11.584172019203033
5, 14.601394416224316
10, 13.831104683634038
9, 13.968391827851496
7, 9.640327212446197
10, 14.75228682564086
10, 13.872858521702621
9, 14.765048500363505
4, 9.295497423660825
10, 15.268622325659862
11, 12.92909644876089
11, 14.965881447455835
11, 13.92950167995216
8, 12.4080753008047
10, 13.501705041001102
7, 12.848808762061335
9, 14.725070620317021
2, 8.56118557874819
9, 12.337557610325325
6, 11.8200916432769
12, 17.32760148679671
11, 15.722167286196155
11, 14.050710275934184
11, 14.495563888210889
10, 13.635359126885994
7, 11.35283832927296
10, 15.008423830920211
6, 12.08107567429401
9, 14.914936652568418
15, 20.49588565424356
10, 16.135219643877807
9, 12.852804739501298
9, 15.580322850425814
8, 13.498459533571735
8, 14.386271248328361
7, 10.598750127652213
13, 18.876808702915252
7, 13.145153672880436
4, 7.797428232485501
2, 9.67332457163705
8, 11.041178883161846
6, 11.021613461934091
9, 14.731061940892525
11, 16.98880763806629
5, 11.075505257026673
10, 14.840114513919158
11, 14.828400837463297
15, 18.92292941566688
5, 9.827301849004465
10, 14.811214430158591
9, 14.510519120065105
9, 13.724044757128345
11, 15.290486535100994
12, 13.47791737473715
12, 14.701108176286297
5, 10.471227258620564
11, 15.560275001239953
8, 15.943351092613868
7, 13.230640861719742
8, 14.700146203030522
6, 11.17786189432956
6, 12.770630518457255
7, 10.909303762410774
12, 16.373249295675837
14, 16.306810715898216
15, 21.52012575073275
11, 16.197719873010893
13, 15.739770679020113
10, 14.192244984740098
9, 17.39529767378379
9, 15.786964118500583
9, 16.598117148429377
11, 15.14421967875239
8, 13.264516257909845
10, 13.655495962372564
9, 16.59614667522263
11, 13.814006555214597
10, 13.694121445815648
9, 11.783548996728788
9, 13.85995110387522
11, 14.46779630483186
7, 12.839534475789442
11, 14.048009328548533
9, 12.661508744309215
14, 17.302843980786495
5, 8.987075762398607
9, 15.37993677054324
6, 10.972002222517268
13, 19.09065059621852
13, 15.838210110855186
11, 15.702484258016883
15, 16.45373216706348
9, 17.149526972057956
19, 17.246748354949265
11, 16.62905942489753
8, 15.7064954545293
8, 13.952834155148757
14, 19.21615318113629
6, 11.300218658227802
8, 13.200752926909923
14, 18.91319202857421
11, 13.192784125967435
6, 10.206713545936669
11, 14.099325198896734
9, 14.680571180969173
8, 14.358896610247047
14, 19.553603222859834
5, 9.222282637847327
14, 17.42495328780774
15, 16.70734011276535
9, 14.606802434375497
11, 14.83093250593851
10, 14.09589455518322
8, 14.799781622357715
17, 18.51290018913288
7, 12.270072466521361
12, 17.29302295997853
5, 9.400900044777016
14, 16.480292084309276
5, 11.933246760072926
9, 13.871301869688939
9, 13.889388484024026
8, 15.223964050223891
8, 16.90624911872768
10, 14.78398041818291
15, 20.155289496286095
12, 16.87528008889425
12, 16.479701016078508
5, 11.096701446531455
12, 14.596952095199846
9, 14.403302074463898
10, 14.404310344908765
7, 11.473451045414336
6, 9.4175698472515
13, 17.325597756966825
8, 10.766161102715795
7, 14.086481071613132
15, 18.23641189051381
10, 14.295658865677606
14, 16.607252106725703
10, 14.196455589146032
8, 14.274864194615448
11, 15.613309471027598
5, 11.98649914234384
10, 11.914823734761404
13, 17.390613327348746
5, 8.639009854356484
8, 13.465793067484496
10, 14.734782037071119
10, 15.08985437569968
9, 15.944594982547658
12, 15.052242741542189
15, 20.014429782742372
7, 15.511346893075315
2, 8.164459225828212
8, 12.208904780178147
12, 16.051365770439094
8, 12.723154558510341
11, 15.255426753860265
14, 17.666843655795375
9, 13.498355454309822
14, 18.321310309884055
12, 16.730828463408407
13, 15.947562752390336
4, 10.329119666161676
11, 15.385261945314255
8, 11.267399341487616
8, 14.958101025987988
5, 11.392976374768173
12, 16.488557848905284
13, 18.4980923215372
15, 17.005667200741748
11, 18.424905022122434
10, 14.624529401566699
12, 17.111907827210764
10, 13.64296346160218
13, 15.672983479350851
5, 7.728963597544712
8, 13.949881105659188
11, 13.200475315449012
14, 17.162684433323477
7, 12.9149138397249
9, 10.825522409264833
14, 17.951633425606538
6, 10.156866168400157
10, 16.14882295378745
10, 14.201178366346177
10, 18.289726629104248
7, 13.207790747211583
11, 15.372588458750403
12, 16.517848698903308
10, 15.478092288128423
15, 17.63183336869144
7, 13.841560871080022
15, 17.400888737592762
13, 18.18585803424491
13, 18.772463242799454
13, 19.56800718431763
8, 12.512747408231046
9, 11.615228739487497
8, 13.038785187700924
11, 14.840098628747704
16, 19.26964785261036
8, 14.895553450940534
5, 10.342723148291508
9, 13.764203922911543
13, 15.952554022094073
6, 9.58746363886605
7, 11.882385126451462
10, 14.478158821822618
7, 12.033620556620969
12, 18.2260754059476
6, 11.966759273084106
7, 12.692221375790208
10, 13.211252111165628
11, 13.825992539295328
11, 16.243967327858375
4, 10.798948302367146
6, 12.361684169970939
8, 13.69341431640232
12, 17.731240561464826
10, 14.118990101749436
7, 13.756530987264627
8, 10.12489289739707
10, 11.993977666435011
10, 12.822262242459605
5, 11.777808744075163
9, 12.892041533182356
10, 12.643057143807074
13, 16.901424746199112
9, 13.107324525634683
5, 12.269907284943649
10, 13.203731047392806
13, 18.618198118679945
8, 12.51747797721794
9, 13.105443368171379
9, 13.324105555090917
3, 7.860429535304208
5, 10.206578466622949
11, 16.741665089449533
15, 16.69847671356507
13, 14.958261660496182
14, 15.833752160774342
4, 10.101162696414885
9, 13.962746328489366
9, 15.802872285569563
18, 24.489221647647465
8, 13.692319452852225
8, 14.900452845249406
9, 14.98804727201323
8, 13.294575891755535
11, 17.484570164837486
13, 17.186138027542874
11, 15.174863819373497
11, 17.617098333130482
9, 14.037601097166952
13, 17.91248783826435
7, 13.018696840872073
7, 13.662862619100096
8, 13.758349048570615
3, 8.544694363367702
14, 17.868045051191114
11, 15.133555198808681
5, 12.407037289085228
8, 12.49715453784737
13, 15.475287623399188
13, 15.853216092269388
9, 14.316319246187124
16, 19.337716235656913
11, 16.54533486237598
8, 11.747120958814403
5, 10.558969373104762
6, 12.435840607437212
6, 10.040421256969159
10, 12.781864096111002
13, 19.614382127658384
10, 15.575872137534171
9, 14.182856158599922
16, 18.34961588422608
10, 13.29499231032271
10, 13.692156498610446
13, 17.990331401973485
12, 15.847674557692283
5, 11.738045486631739
10, 14.359646590086388
9, 13.132446706611555
7, 11.91319413244759
9, 13.379419547339435
9, 13.648366573429431
7, 12.300327876333837
12, 15.984495950191675
13, 14.535199082746507
4, 11.380982998935357
9, 13.949426348271373
7, 12.063215826444072
12, 16.82337056839523
8, 11.813849719485209
5, 10.637816379581203
7, 15.321615375055359
11, 14.43530360169494
11, 16.238824685069382
18, 21.856397775116392
6, 11.65663805804398
9, 14.980555496376125
17, 19.332814836099388
4, 9.663582410840254
7, 15.468966045561588
10, 14.784772276792745
11, 13.756635540820364
5, 10.718823450952181
11, 18.13254036390001
15, 19.996927980310073
15, 19.95754181609565
6, 11.6466084464816
11, 15.824116012135342
9, 13.24329419519557
14, 19.28175004040823
10, 13.95141337120366
8, 13.602681792823985
15, 16.30339107575542
12, 18.884484459185856
13, 15.680576562998544
6, 9.62452280335503
13, 17.904897837156522
8, 13.722261962619832
7, 10.99550528175086
9, 14.72095195202013
3, 9.33770199646131
17, 18.781653954899806
11, 15.958338368122723
6, 12.455068689636908
14, 18.053444608868652
7, 13.45368887705799
9, 12.107821010164788
13, 17.494253203248732
6, 8.965557415581866
20, 21.967876861984575
6, 9.935636495414682
5, 12.22348804260521
11, 14.689359540058955
5, 7.565084291408665
12, 15.09306603411227
5, 11.744950259321323
9, 12.678811150437422
7, 13.167090619846126
8, 13.812026367989239
8, 14.210580979911892
6, 11.15236899051355
7, 13.7967849213322
8, 14.78200660679947
10, 15.63604588573653
10, 15.337298676064556
9, 15.54969735541649
11, 16.84162604518207
12, 15.743236295462609
12, 19.6405458546972
8, 12.03337325163847
4, 9.924614302308632
3, 6.307876232557093
5, 8.538104696725293
6, 7.674331116651377
9, 9.774309676558051
7, 8.528539890577779
4, 7.216550250519141
4, 8.19484442890012
8, 8.30087744292256
5, 6.7152339866902695
5, 8.561872999740045
2, 5.817122383644802
5, 8.04858955371207
2, 4.759998243129085
4, 5.33752323701751
2, 4.0127274137211355
3, 5.917652140829159
4, 6.905533690754179
3, 7.835845099354283
2, 5.906208736052101
2, 6.546711265421622
4, 7.071319081465406
4, 7.140375954714112
2, 4.624006727728352
6, 9.802750603612592
5, 8.16667491373166
5, 9.055173153533014
4, 6.700428028143629
1, 3.7456117622298386
9, 11.376323227280773
5, 6.925935910943556
6, 10.31218389416279
1, 4.91435766244026
9, 10.376446600188734
6, 7.997024018105647
3, 6.12865885470821
3, 6.84568192980944
1, 3.2113555052601512
3, 3.8575566192530895
9, 11.236678963120195
1, 4.160438669126101
5, 6.810329977972528
7, 9.160432067003182
4, 8.833946431534393
8, 11.289382352002802
4, 7.071902049286891
8, 9.509222477141881
2, 6.549708925308755
5, 6.345201032880914
2, 6.36182047011395
4, 6.014853812627347
4, 7.1375151516041315
4, 7.543606865639373
4, 5.136834811592802
3, 6.11160572585929
7, 10.120460445665474
4, 8.285602690253057
5, 6.669653560354934
9, 7.783284685269183
2, 4.809624397162408
4, 7.286518035636872
3, 5.581176247304592
2, 5.467440287386494
6, 10.759304769994728
5, 7.256903539612686
4, 7.591023981966763
6, 6.6016376922059115
5, 6.279536466375091
9, 9.882257341403825
3, 5.0893797107550105
4, 7.0206749169952944
4, 7.390833381193865
6, 8.520518080131316
4, 5.870353644413884
6, 6.547081381408447
5, 6.846520483782012
2, 5.945024079684277
8, 9.537824622755814
3, 5.170771553759184
2, 5.706166540302842
8, 9.15607291717863
6, 8.464588237829897
2, 3.802640470336352
6, 8.04725774805229
7, 8.087161470132685
5, 5.8693629209344165
2, 6.758561710618806
7, 6.69102096267331
6, 7.392786131282983
6, 7.558196085860574
9, 12.687919331802368
4, 7.354455649568736
2, 4.85939372793995
5, 8.561309352556373
3, 6.562345242470715
3, 4.988193663688459
5, 6.785732290242976
4, 6.616390271449645
5, 6.748834896621377
5, 7.7362674904774025
7, 8.394368373704514
5, 5.532766591519057
6, 8.09941834928172
6, 7.300616477779362
8, 9.632186955201124
3, 6.17263172994617
7, 11.793696225381776
2, 4.007474819348207
10, 10.355189995138462
2, 6.956842520108247
4, 6.256811534853305
6, 9.549155330987338
4, 6.047963318441528
5, 8.97113191441719
4, 4.631982709471771
4, 7.565466211929677
2, 5.661835857432995
5, 7.332398466621032
4, 10.01037158756269
5, 8.07934354423412
4, 6.316907334528592
1, 5.396469173301331
4, 9.335768011909916
3, 5.647797299211408
6, 6.653172679171277
5, 6.847972890730308
1, 2.6729705694550145
3, 6.640864188258791
5, 6.444666360071616
6, 8.447016751601241
2, 5.49622221142221
7, 9.170652982659195
5, 7.77958422726715
6, 8.603290309867715
2, 5.884989482780843
3, 7.349244203556961
5, 7.531524679615476
7, 8.90772240532316
6, 6.379326722521864
4, 4.84034278254266
4, 5.819543516951129
5, 7.793765319635988
5, 7.075726059657426
6, 8.154545086733927
8, 9.15223453486163
9, 9.451208378694536
3, 5.531374350799599
2, 3.411911746409352
4, 5.3586353479828475
3, 5.050518155783085
5, 7.333877500720768
2, 6.327820731442626
3, 5.3752577467358265
4, 5.62462526371762
6, 7.634802871577368
8, 9.86553149015956
4, 6.617817542688249
6, 10.217427821560563
4, 6.79448024872623
5, 7.890824844849579
0, 3.0970115125648987
5, 5.765996304266811
2, 5.912390212472472
5, 8.690659107039
4, 5.527591725058712
4, 6.246467205992715
2, 5.596974370552112
2, 5.5550996664768615
4, 6.124919635522187
7, 8.742196860511287
6, 8.104036440968335
3, 7.0039027610345395
8, 7.776340846496387
8, 10.273195022630217
7, 8.21106241875139
5, 6.221427956519736
2, 4.8064425295167705
4, 4.7266298111001115
2, 4.9910484038309075
5, 6.820098724220237
4, 7.716608603329198
7, 9.520757886573204
8, 9.77999222949808
9, 10.054957559474202
2, 4.575975041023716
3, 6.163154299078781
3, 5.964055348586296
3, 6.204434212752613
3, 5.448860301863326
7, 9.478459793362829
5, 7.068018035887377
4, 6.2290911583099415
1, 5.342434681487869
3, 5.5218828378376825
2, 3.4657601426599234
5, 7.50636934048986
3, 6.555814547025442
7, 9.5670768407792
4, 6.099480933202707
7, 9.440409522566469
1, 3.5103431664918805
2, 4.465493725234414
2, 5.365024048066734
4, 5.631443093845937
2, 5.3772475981488
5, 7.640235200479636
8, 9.106952482397558
10, 11.474560304087094
8, 10.038176763069869
3, 6.428831718213595
7, 10.03528356751243
6, 9.805161556368056
0, 2.5146659468961077
3, 3.9731661272089553
5, 7.42089503754645
9, 9.890792952276138
3, 4.318824651108525
10, 11.306589199698427
5, 6.652849784046317
10, 9.604659617787986
4, 5.707406509544512
1, 2.810216293261924
6, 8.509761941531956
2, 3.2824659174923583
7, 9.324425608070666
5, 6.9283786966800776
3, 7.698049076272746
4, 6.1654105107633494
2, 4.701814135088987
4, 5.040440986414616
0, 5.330882471401223
3, 4.802058388474688
5, 6.305504982998569
3, 6.870644475723077
4, 7.034929380980847
3, 6.218057670798127
6, 6.991602976280168
5, 7.432040875419687
4, 8.472081005306796
5, 7.779494262135842
3, 8.388578170799924
7, 10.172578724550553
6, 8.850211715356453
2, 5.7374633969063975
7, 9.499576631246716
8, 10.271307399821872
4, 7.4189964811515825
6, 9.197460452049043
7, 8.596968371583005
3, 7.456425198986785
5, 6.820535522204645
5, 8.77603884371405
4, 5.571145200587624
2, 5.582308266821226
7, 9.488751429179665
4, 6.546865117858787
2, 5.283020744529818
8, 11.175524508520041
2, 4.122464825197993
4, 6.031310629613166
6, 7.987107935238576
2, 5.506434382385187
6, 7.38307706942966
3, 5.062791987358656
10, 10.410980485242579
1, 3.6670353610222293
3, 4.610067371474912
6, 9.984630661971623
3, 5.42273496132848
3, 6.76456573872403
3, 5.856095816079233
3, 5.461164855426802
12, 12.905854667737858
7, 9.782744228965306
1, 4.470504183820831
8, 9.322484320831975
7, 8.822011818544295
3, 6.628731603119961
6, 7.9448001807511766
4, 5.646815713500139
7, 8.320391067772043
4, 5.818439932356868
3, 4.281732808668079
6, 9.024112699572783
2, 6.291701212361195
3, 5.487884777627768
9, 9.96321806303543
6, 7.361692488932109
7, 8.203532908334843
8, 9.947573443525105
5, 7.957136867589732
4, 8.303601811189335
4, 7.759843324035295
7, 7.970210359866292
3, 5.431416118040237
7, 8.094700168834015
4, 6.450290640260519
4, 8.733507081796631
3, 6.6764364002176455
6, 7.053566457576608
5, 5.666305795217635
5, 7.421668799675518
6, 7.345874428079508
3, 6.1675149023672295
7, 8.524908557997751
6, 9.531138213791623
5, 8.17773050181058
4, 7.351366304211175
6, 8.267225852657127
6, 7.074368438547068
4, 5.926637494453157
6, 10.010981266248148
4, 6.114301904914957
5, 9.100799385923658
5, 7.5711126667609046
7, 8.821374376406132
8, 9.587279991194007
8, 9.325928589376543
5, 7.2125640438897864
6, 8.007472309046523
8, 8.3689327886386
3, 4.883291712223341
7, 10.104412161317303
4, 6.192447871727215
9, 10.342997447712667
7, 10.696788965886299
4, 6.263700631757882
7, 7.834162683865264
10, 11.38908960142659
2, 5.415505711098957
1, 4.672382601753958
5, 7.772898064104252
1, 5.349877563728795
7, 8.951960982260928
4, 5.757909060282278
3, 5.632437751300015
9, 10.273243137652768
7, 9.214167525960988
3, 6.06049532466012
2, 5.211258964383881
4, 5.835030882748004
4, 5.737257205854857
6, 8.588930381832093
3, 5.768667271014783
5, 9.252182365749244
7, 10.495328264821156
6, 8.607161782185464
5, 6.357094848994821
6, 7.076147088637334
5, 8.455648769014708
3, 5.205385913476309
3, 5.590317120576533
5, 6.376973249275794
4, 7.410908828670264
4, 5.957522366702027
3, 5.688385889954606
1, 6.750539622264985
5, 5.726363752662764
5, 8.278418489954962
4, 7.994747703897791
2, 3.754958532801254
1, 5.543207531826692
4, 6.116081451594213
4, 6.092749088085673
2, 6.856309173752342
3, 5.818273279339534
9, 9.542835972597132
2, 6.429639758395643
9, 9.77386456437966
5, 6.9900831316643055
5, 6.8080343605733455
3, 6.580070579149398
5, 7.141954880795134
4, 7.5495757318128875
4, 5.688989059420438
4, 7.616015893945308
9, 9.974177932286379
5, 7.98192875866457
6, 8.375072526748735
11, 12.628765344021987
6, 6.881544923141375
3, 6.449501197555855
2, 5.27357318585317
3, 7.497509633236414
3, 6.686436970095929
9, 9.560724648053442
4, 6.039392864636783
7, 8.568515648756645
3, 5.402027055090711
3, 5.412166257236104
6, 7.196953182581905
5, 10.291413056637186
5, 6.7669119862359794
6, 7.548047517028489
5, 7.999459799779102
5, 8.65071840686014
6, 7.972712020829364
5, 6.429714293984086
5, 6.3335800191754235
5, 6.422818465932181
4, 6.614477731929344
2, 5.285287339194602
3, 4.6131578379162494
4, 6.23751382622935
4, 6.670610105042117
4, 8.00044083519767
3, 6.830686655141517
7, 9.811611390586737
3, 4.848779395533486
5, 5.792386994882722
9, 11.18350000981647
4, 6.378800315314028
4, 5.206469526465967
6, 8.304906126376183
2, 3.6739940221771574
4, 5.196595400662422
3, 7.101306039060817
8, 9.363905664274801
7, 8.711497239141648
1, 6.754967967304584
2, 4.949951508070369
5, 7.177170680086665
6, 8.737046977719071
8, 8.01658475351468
6, 8.656795302476768
3, 5.394725423840219
4, 8.566194817638529
5, 7.49530777612896
9, 9.214498673474523
2, 5.0877827032641365
7, 8.630660847895966
10, 9.421607227332677
6, 7.892684348287018
4, 7.215392817654715
2, 4.197903734971745
8, 10.986493603871022
5, 9.567119841726925
6, 7.946871917396782
4, 6.980294897554111
1, 3.1468963717024474
6, 7.220738655354587
7, 7.986908937232316
5, 6.444426951457099
2, 7.135267583105668
3, 4.2585212416292535
3, 6.268692164453336
2, 4.567342336955241
4, 6.7008408682498475
6, 7.846609475986806
3, 5.556752734981868
5, 6.930364947753783
7, 8.700672617110602
7, 9.518748357515843
3, 6.070932621109264
8, 8.610573185398255
11, 12.282469080228147
6, 6.858676233349095
5, 6.6173654649956095
4, 6.480136511983752
4, 6.0970833781416225
7, 8.155845369602579
3, 3.7682165698671786
4, 6.878296408366152
3, 6.419462233968562
5, 5.834150676372388
2, 7.0599934500106345
6, 7.511842678614458
3, 5.788620766444407
4, 5.677617019469088
3, 5.959989173538003
2, 5.44564351479346
6, 8.577974045469473
4, 4.70018688724398
5, 7.426913339534899
4, 5.954551968042225
9, 9.543785254991182
9, 11.087284047035135
4, 5.44639081578269
0, 3.5354369979543203
11, 11.733753480046667
6, 8.686126267046818
4, 6.895275159015304
3, 7.052296713796288
4, 5.366318499520681
5, 5.0503111207916085
4, 6.671953062113847
5, 8.531301777920397
2, 5.228622883525943
3, 4.950095937006334
4, 8.353811854625034
2, 5.486843455541013
6, 7.4250173082587185
8, 11.132661015849287
1, 2.805840697264832
6, 8.001842335012883
3, 5.285118368798784
4, 5.725656498116609
5, 4.934622398018343
5, 7.33183090390807
5, 6.382037162365748
5, 7.9119691913503205
5, 7.326103809689051
3, 6.273735834917524
3, 5.333808733697748
6, 8.217938286666804
6, 8.44122874568057
5, 5.9204550785483985
5, 9.735874658067965
1, 4.67620319560992
10, 12.242349864006941
3, 5.3471142164885945
3, 5.580099739823367
2, 6.437419365963204
6, 6.559453143313821
5, 8.407014871699841
6, 9.72743089614754
8, 10.217800567917932
2, 5.131645614423905
4, 7.47988351683443
4, 7.059759264027101
2, 6.77589457190136
4, 5.123248137646573
7, 6.562536631471543
1, 3.5089356987035902
5, 6.174626023147243
5, 7.034738362461212
3, 5.256327075517205
2, 5.995459876622874
8, 10.187229200701436
4, 7.771627778192967
5, 8.909485341920337
5, 8.006519141339002
6, 7.795993224552018
6, 9.325826240939245
5, 7.359933048432871
7, 10.141735024071995
7, 8.049419704340803
11, 11.651079048103485
4, 6.328177679190642
9, 10.620282148021923
7, 7.988053029710669
7, 7.808598206763478
3, 6.326038860213868
9, 10.080523027578193
5, 10.666312138625104
9, 9.631699668033328
1, 6.33157267529932
7, 7.426092317349393
4, 6.8137605258953995
6, 9.762187325366623
6, 7.142896103193122
8, 8.989376187247304
6, 6.410559739627667
4, 7.185963546921002
4, 5.137184178238786
1, 4.529827313854661
7, 9.766457528805349
1, 3.138407351874536
2, 4.296365424211889
3, 5.91316309731776
7, 9.577030020362521
4, 5.984985837734859
4, 5.919261158570948
4, 7.041015206894812
3, 5.498112172910464
9, 9.588623836329138
7, 8.889951221505575
3, 5.5404333720744
2, 5.942352889628025
3, 6.529424723713749
5, 7.068553983345631
5, 7.085460151183856
3, 4.993785333214213
3, 6.009929664587674
3, 5.65793862123966
2, 4.800495473066557
5, 7.704009283636751
8, 9.194608570804084
2, 4.161640397721174
4, 6.197264864688276
5, 6.729073876477988
6, 9.003002530682673
1, 4.588222413726036
1, 3.9797353065716954
3, 4.0693424471702775
4, 5.759540776362872
7, 8.233757866180477
9, 9.194306454159404
5, 7.663155081168988
8, 10.695002915557883
5, 9.487449645496357
5, 9.309325041966014
3, 4.705270194002381
4, 7.7250624828648204
3, 7.133008899742809
4, 6.014577142986254
5, 7.8800677916284965
7, 9.370598107945572
3, 4.82127745584451
9, 9.961472811259194
4, 6.871089006224523
2, 4.581993847788528
5, 7.0183987462388915
2, 5.042092808922627
2, 4.490620108861169
9, 11.180756863046227
4, 5.681825821583811
4, 6.530952080568034
8, 11.382272677370498
6, 8.061751639205957
4, 6.600977293160688
5, 7.2940699939126885
3, 5.729810618264718
4, 6.434648482003711
2, 3.8566429810894896
2, 4.255052345398506
2, 3.99419901027644
5, 7.312932681893497
5, 8.306442500086426
4, 7.494325021811405
3, 6.8285929956504985
1, 3.219753740041934
4, 6.373268831994405
6, 7.466491900551829
2, 5.409099549359624
2, 5.399917674981399
3, 5.807864411437494
8, 9.073977783201828
6, 7.116210473279816
3, 4.5660232317918314
7, 10.049920978997301
6, 9.600211002331816
5, 6.346953124122729
6, 7.096170045205489
4, 6.731407288106529
4, 7.255430562980858
4, 6.262581326688864
6, 6.694362230727798
1, 3.920111542360757
8, 8.83541174226977
0, 3.8341399145355317
4, 7.286624836267297
7, 9.614234101173576
8, 7.441253709199289
2, 4.568546672213162
4, 6.4299971074009035
7, 7.7717649143510155
1, 5.276751320441894
4, 7.56269134706069
6, 8.172405009825363
6, 9.24230673968834
3, 6.467648935254825
2, 3.884318197463853
1, 4.056189014292938
4, 5.53398646298907
2, 4.94549443805866
2, 6.479249570671302
5, 8.231778884045998
3, 7.260340360286196
9, 12.140026359975755
4, 8.043111815518754
1, 4.6216198186937145
7, 7.988055540205663
4, 4.902756447266796
10, 9.809541042507844
3, 6.527575006852447
3, 6.696869421175951
7, 8.591507261939425
2, 4.721155845102467
4, 6.013752172508124
5, 7.258542702745257
5, 5.153945302565425
6, 8.83432673607816
6, 6.783290832047257
2, 5.291547191450416
4, 5.026096154488172
3, 4.477322192614143
3, 6.705624305558423
7, 7.921653985221729
3, 6.371992248483649
3, 6.728387836912964
11, 12.792657513171031
4, 9.09157756682338
5, 7.294891985715871
5, 6.814364849827109
4, 7.692928004017336
3, 4.725502092001331
2, 4.952212433323914
5, 5.494583313234044
4, 6.861760073478607
5, 5.94991239979674
7, 8.9290768433584
3, 4.902749965224544
2, 4.475557128359221
5, 7.6895947743403195
8, 11.71065262436917
7, 7.874423186024886
7, 9.970292408789891
3, 4.124158988249283
6, 6.276092797523771
8, 8.876393924738123
4, 6.384033972037325
4, 6.760737706196031
0, 4.247588619323878
4, 6.931447640956842
10, 12.127183918810847
2, 5.030083460299391
4, 7.028272503459965
4, 5.990566521250586
6, 8.031034681258019
3, 5.177478207556714
6, 6.306553869820358
6, 6.3225747096908504
3, 4.151500552920563
6, 8.119835662954758
5, 7.497973100586604
7, 6.652223527714841
3, 3.620839986180529
5, 10.1993432641759
7, 7.478657776374709
0, 3.698918939903209
6, 6.76148820209987
3, 5.530383586085713
6, 9.590285124999808
4, 5.328233847489785
5, 6.5870234272304335
6, 6.9518251558709885
1, 3.619668561704081
6, 8.20781054009203
6, 8.123530831401812
4, 8.19856498558858
4, 6.810250610341995
3, 4.69222313906267
4, 7.937654276113936
4, 6.053653995370883
4, 7.270632976724215
5, 6.1335919311683575
3, 6.36942998403381
8, 10.110869257627082
10, 11.142716322134692
4, 6.712213271081177
11, 12.77315827207289
6, 6.08520815050574
3, 6.4422350606528065
6, 7.983970749161027
4, 5.602213769670648
5, 8.046797605596947
8, 10.739665522750597
6, 6.704965696862923
5, 7.860692351655445
6, 7.2185104433448135
4, 6.272514994275524
5, 7.472606133372018
5, 8.218357701480178
4, 7.796922163772091
4, 7.180760050419075
5, 8.299116595777962
10, 11.660983793584982
6, 7.7053883804559655
4, 7.405775965637909
2, 4.6691435868507725
6, 8.656155178050312
3, 5.681079979266386
5, 8.146195318192746
3, 4.999638908848111
5, 7.980706958999317
2, 6.451405008226777
4, 5.710340927614279
1, 3.973676841685456
8, 8.513340799129336
6, 8.173995514877468
5, 6.639890964032675
8, 10.21610517842082
3, 5.698477040677087
5, 6.514216430936045
8, 9.112907388417824
2, 5.506222897750799
2, 7.090229186375774
0, 3.642679652218592
2, 3.281079988318088
3, 4.18190432501937
6, 8.576848244137318
6, 7.869209359532045
8, 9.860513930045062
6, 6.268088960166488
7, 11.034060115415073
6, 7.764822185169004
7, 7.928117120886313
4, 4.814995114578355
3, 6.6430522649749735
6, 7.91070170483074
7, 7.7437928987817495
5, 7.655718804106421
8, 10.04907227695695
7, 8.679161010107059
4, 6.282637425922508
4, 8.409532523120046
5, 6.913702200168605
5, 8.601200777954283
3, 4.920175158484803
5, 9.335751802845602
8, 9.76485318074442
5, 8.015412674240475
7, 7.116763878190627
4, 6.65223790495785
6, 8.270980743513007
2, 4.370318165224683
4, 5.314515717739597
6, 7.325483403744592
10, 9.915563429716375
7, 7.76674779603153
5, 6.958951537928165
5, 6.956720762206751
5, 6.8761009726745055
5, 6.608011116119117
5, 6.339305698810696
6, 6.571211426538337
8, 8.549942861675548
2, 5.39699353338635
1, 3.9653605351607673
3, 6.150746497847009
5, 7.1602417070196065
4, 6.202534489027622
1, 4.729414481833895
7, 7.454085829584381
4, 7.601026152816133
4, 7.672368655525109
6, 9.155578263222516
3, 6.3215080993489225
7, 10.560420272913273
3, 7.312740776393337
3, 6.751632143549876
3, 5.030822286274969
4, 6.806279253647133
5, 7.726193660225005
3, 7.452037440975519
7, 7.684066279647181
4, 9.40934390758252
7, 9.027678639723202
4, 7.48003042090411
7, 8.743763856836113
5, 6.122382329627699
2, 4.314167076235953
4, 5.053347867611658
5, 8.113555472512111
7, 9.479196798822494
8, 8.857371933049746
3, 6.0701148174835575
2, 4.552234608652764
4, 5.6571151401005855
4, 6.856936679439334
6, 7.309842134269167
3, 6.109736105345625
4, 6.234005950192849
11, 12.523478965533096
6, 7.859558643444639
5, 8.328257628583186
1, 4.5280291638091965
7, 11.138292957035157
3, 6.206258978921059
4, 8.631857476741065
8, 9.727853839927663
3, 5.593999878069126
6, 7.304824483202553
6, 7.562713380086499
3, 5.586889223824212
3, 5.840471937401513
6, 6.646341426866302
5, 6.686370358514739
7, 8.5636499014142
2, 4.947079624676222
4, 7.355779872873177
9, 11.228824393345736
4, 7.514155992268222
6, 9.69882374270745
6, 7.946763886192693
7, 8.85883236946001
4, 4.83600301379211
3, 6.061319512421488
5, 8.985338660656545
5, 9.10804974562823
4, 6.70548220732458
6, 6.570280251630012
8, 8.63737931154393
5, 9.916735882788096
2, 5.067748131343518
4, 8.189996110907751
4, 6.607782447263386
4, 8.381413041729402
6, 7.786459979364996
8, 10.477958745093304
2, 4.983563209102519
8, 8.780124359931584
9, 10.457864766352907
4, 6.331773790810822
6, 9.702600997155697
1, 4.598976628582816
1, 6.01045518140092
7, 7.588532084187638
5, 6.966035643465707
5, 9.257368381038612
6, 8.167250155646027
4, 7.616568244081173
5, 8.030872708580079
0, 3.2391156099942027
7, 6.87878199327191
3, 8.847282861208983
4, 6.481902312188378
5, 9.009291356288738
6, 8.464436152230608
3, 7.118490027946117
5, 7.158384729595301
4, 5.480014712755369
3, 6.5317285450785985
4, 5.334109772496794
7, 8.899300852332694
5, 8.004275628475005
6, 7.40929529100381
8, 7.948451200717952
4, 6.148828549583456
5, 6.591745377988576
5, 8.377763729189692
4, 7.118234358384418
3, 6.712524223756987
3, 5.071330175102712
8, 7.860572254056276
9, 8.949808097283832
4, 6.832156121150983
6, 6.383546850352076
5, 8.229378196630638
5, 7.421308413038759
7, 7.870276801067067
3, 5.179940301257905
6, 9.381386193180424
1, 3.2857654034348345
6, 7.386539549134694
11, 10.296748005571763
5, 7.114263469468954
5, 6.2172978589700625
6, 7.211673970033139
5, 9.071320376014585
8, 7.862099046535325
6, 9.279876684691507
2, 5.816278197392521
8, 9.321623429699907
5, 9.554975654105144
3, 5.279103668546664
5, 6.450184335844901
6, 8.205503409042986
5, 5.94851926453237
5, 5.85810876944035
2, 5.166287344279749
3, 5.0935556947989875
1, 6.099876304870653
2, 5.963262258748761
12, 12.560643099022968
9, 8.164232466929205
7, 8.69251386373855
3, 8.270747081285133
5, 6.886831318061644
3, 5.2912663013995065
4, 7.672898633343775
8, 9.389193861868458
1, 5.879192566306263
4, 6.1950304990720255
2, 5.665865526576507
1, 5.213923264425817
5, 7.272849305739806
6, 7.078569793463851
9, 9.705312187676432
6, 7.727289627325964
5, 6.87589795329141
8, 7.515718704645714
3, 5.8609442099186895
7, 7.7346509879449945
3, 6.856492586216846
9, 8.281620140775244
6, 10.369117059499537
8, 8.634129082223984
6, 7.839849271625856
7, 8.587087287125431
3, 6.727744006815358
5, 8.839774998125078
1, 4.96181964903185
4, 6.780852401449018
5, 7.154222067317749
4, 6.2178474714847205
4, 5.600864147732683
5, 6.374832740034843
0, 3.0049060043770752
1, 4.381042731480479
0, 3.0418474753765974
3, 6.880540689791759
6, 7.50284012188511
6, 7.0462276908849155
7, 8.812022813731723
6, 7.01710752854712
6, 8.68299617431431
4, 6.745694380560422
2, 5.70324239868529
6, 8.482850352548242
4, 5.884579597681075
6, 10.345798419944222
4, 8.984162055390655
6, 6.586430757060966
3, 5.934657378729462
3, 4.534040106724289
5, 6.905898956418488
2, 6.006135034946131
5, 7.378536438709177
14, 11.703589299161752
3, 6.494409723941256
6, 8.723770316538957
9, 9.142779175325158
5, 6.609356514009862
4, 6.8634122932759025
6, 8.487544947230953
5, 7.375924543931488
1, 4.316943986896993
2, 5.0105003870431855
6, 8.144600235343816
3, 6.000494765487005
5, 8.391147894712246
5, 7.838766834176405
2, 5.745479916076165
8, 10.76834149814429
4, 5.507966452848479
4, 6.994990789841981
3, 6.586925466206817
4, 6.795730977061888
2, 3.938626112346916
5, 7.954864271160741
4, 6.250799978889294
4, 6.48087148825824
0, 1.9734393810178696
4, 6.090311449941613
2, 7.235798246989231
5, 7.974713666538386
3, 6.587121987933194
2, 6.283507012341415
9, 11.968358091244138
5, 6.950026503958363
6, 7.764067956866553
1, 3.8804147540374703
4, 7.32688919750745
2, 4.488750436518547
5, 7.539519506941483
4, 7.401868318315492
3, 6.007631363701263
2, 4.9565934428056835
3, 4.973825972736547
5, 8.310910930656709
2, 6.0245772033498595
5, 7.529684384718783
1, 5.770642582607632
6, 9.225574903411749
6, 6.6071331248325
7, 9.480809606846721
5, 7.1050147860722666
9, 10.995080871745246
5, 6.894507840450171
5, 7.492561003653647
3, 5.414423261199454
7, 8.675598949716337
5, 6.700483091263455
3, 4.953167083225301
5, 7.706573023593042
5, 6.407290443042139
3, 6.173149509370815
2, 3.838229822771951
5, 7.141142481202126
4, 7.080325064020004
5, 6.471296585006307
2, 5.603661222553718
7, 9.520258478973476
8, 8.518051229575173
5, 8.25822299705633
6, 6.486543317499793
6, 8.595121058274191
4, 6.138834756536534
4, 5.866213781801143
9, 10.325441386947965
7, 7.9209053770133755
7, 9.861356732050993
4, 8.543776820896095
7, 9.167992085101126
3, 4.85687522584073
5, 8.304976148528253
4, 5.490457445625807
4, 8.623128993299572
2, 4.032973941207946
8, 8.515537710846486
5, 7.850865293176464
7, 8.707363004020163
2, 4.3417566211820775
7, 8.086917977514764
6, 7.322747091302652
7, 9.192715698074752
8, 8.683650384279197
5, 5.917892437981509
7, 9.410502091537648
6, 8.588092094213277
3, 5.2711860584768315
4, 7.172309506768121
6, 6.4372801986015675
3, 7.031735349643107
4, 6.108387661942638
2, 5.908585429916946
9, 10.580057202813999
2, 6.055224787910119
5, 6.2908854929490055
6, 6.884657658934896
8, 12.021670357331265
11, 9.976458000847208
3, 5.254124388184725
4, 7.541799110789155
2, 8.201299997204096
2, 5.4381338725717425
7, 10.001599544490338
4, 8.224658206718287
5, 8.322831249768488
3, 6.983360012340492
8, 8.54936003288694
5, 8.216484903504371
6, 8.158812326495958
4, 7.479620943305337
11, 11.14300222788863
7, 7.736456817648664
4, 6.032202191634511
6, 6.962380401090034
8, 9.208688406135252
3, 6.538127770661514
3, 5.168755248721627
3, 4.456155207324896
3, 4.984883082699694
4, 7.199839941554294
3, 5.371491607934012
7, 8.091268472903526
3, 5.976636493265236
4, 7.613011854458979
5, 6.770909353115261
4, 5.330674075746853
7, 9.150122622856827
2, 4.892363284988391
3, 5.031520513019179
4, 8.393184494428267
3, 5.19170221885237
6, 7.672382897228682
6, 8.350108669713732
2, 4.199349698401246
3, 4.584964480296794
2, 4.460344908038
6, 10.151138252048124
5, 7.309320380050645
8, 10.864185433812857
8, 8.834432853197198
3, 4.609243982408702
7, 8.561810480306109
5, 10.295809798209962
2, 5.7108268823722845
4, 5.35378203136733
1, 4.501975577123295
4, 7.106816664858274
7, 7.834201844703822
2, 6.301805171361969
5, 7.935229141689774
4, 5.01929886380297
3, 6.072789242848419
4, 5.952200798274982
7, 7.893795763356778
1, 4.436566864660095
5, 7.200985327487928
6, 8.811298544286739
5, 6.623935463734206
3, 5.0014488696860235
6, 7.005593573992218
4, 8.238984007065174
4, 7.182436208468816
10, 13.36696664704444
2, 5.225022242433158
3, 5.291061843352433
8, 9.082749440204212
3, 6.11313646340409
1, 4.755891994246798
2, 4.641782125409951
5, 6.005704298052391
3, 4.990550097832392
2, 5.709360219592047
7, 8.8282751746213
6, 9.887627436702358
5, 6.314830595529392
3, 6.745732869014632
2, 5.725115242540335
2, 5.9100572240784315
4, 5.568481012347412
6, 8.22927582229201
7, 9.393106922435162
6, 8.497736554990539
8, 8.502088853332786
0, 2.266619272418708
9, 10.026939581714569
2, 4.633201339287072
3, 6.526180065974031
8, 8.312579896803957
6, 8.606081764344822
3, 6.933032053742268
8, 9.95791829948115
5, 6.415440923543363
1, 2.7972009609543966
2, 5.991417541264434
4, 6.3729820935614745
3, 7.886364714924064
9, 10.956168749804934
5, 6.871788146814626
5, 6.6578731929029
4, 5.730228651045207
8, 9.145776588113431
5, 7.095279462819363
6, 8.98058440436883
1, 4.728456818727528
8, 9.651413208563348
3, 6.219032920465584
3, 6.612863919923256
7, 7.7547980629873745
6, 6.651677329098408
7, 7.135352753833629
6, 9.706760710658713
6, 7.8583350890128605
4, 7.152765360851747
6, 7.8253676994032375
3, 4.861850145936158
4, 7.151378261056822
5, 7.124215807709211
3, 6.73467436982948
4, 7.583333436495495
2, 3.5067652474503683
2, 4.7998431682480085
3, 5.593426054048545
4, 5.054710610511056
6, 7.963572525252151
6, 7.958080819235725
5, 6.772969659197038
4, 7.356823988093707
7, 7.780803620468493
4, 6.947250762217309
7, 8.716243512024233
3, 4.818370222423975
5, 6.104912572005002
2, 6.210133963819644
7, 8.92527053669322
5, 6.499653979025172
1, 3.51152100194433
4, 6.054989714443944
4, 5.596346871709037
6, 9.374379598571107
4, 5.817619542158573
5, 8.114709995590129
4, 6.102822711988648
2, 3.9949744862795917
5, 8.284302492046463
7, 8.82687073416199
3, 5.94458445629881
4, 5.7131584486133535
2, 7.2465499922008405
2, 5.612703933851553
5, 8.49573556888059
4, 5.635823222867122
8, 8.55144392446419
3, 4.995004073312126
2, 5.2248877110114655
1, 4.2658628380993076
7, 10.08719942217574
6, 7.547425504732163
2, 5.325017792268434
4, 7.49243102692704
3, 7.3826898313007465
5, 7.0090640951402055
3, 6.024337907670618
5, 7.145193278717198
4, 6.018773470776725
2, 4.744896386438891
5, 6.586955877346427
7, 7.33381375039075
2, 4.56929738167279
5, 6.653016542666838
5, 6.297201567354658
3, 6.161259893772336
7, 10.082001846390073
3, 5.358902140154304
5, 7.232259679336643
3, 5.183404131484815
1, 4.292375201603801
6, 7.7861501370705515
5, 7.039828093239341
7, 7.03491979821554
6, 7.159752093474242
7, 7.76175891572541
8, 9.269994045564207
4, 5.656064190595607
9, 9.58124840383829
3, 5.953374454145859
4, 7.154552640292182
3, 5.619777649866676
7, 7.721603947933876
1, 6.49721949568913
6, 6.8530075450706285
3, 6.765859526131359
4, 6.329939726204307
3, 6.240752349381693
7, 9.870170721750322
1, 4.093756104037041
9, 10.186589188915555
3, 7.3476591678826795
5, 6.68144884029554
4, 7.9006297176062565
7, 7.701027166349976
7, 8.843231183127116
3, 5.947434904695908
6, 7.410128560705813
6, 8.830626890997092
5, 5.6703802643960675
7, 10.765547292741452
6, 8.940783984913166
5, 7.023167636896989
2, 6.751337288403232
3, 5.287620517559024
5, 8.390200212982379
6, 6.159632266506135
5, 6.964707638700216
3, 4.355517665518617
5, 8.661281372189011
7, 9.011390676481344
4, 6.2636275671892605
7, 8.61062229903613
2, 5.374833271883323
7, 8.446223392411175
2, 5.935067464871308
2, 6.198472455969667
3, 5.505571223751356
2, 4.102199936439381
7, 8.897173423872182
4, 6.204846113005527
4, 8.037706168304515
1, 6.026339807027751
6, 7.902064756787756
9, 9.643051607934835
6, 6.270721146792216
4, 6.72812742904089
3, 5.892941669375256
3, 6.476574629117443
2, 5.177325989198593
0, 4.520815735020156
8, 10.093049196895498
4, 5.291595967347521
4, 7.584363664996969
2, 4.810482475151234
6, 7.40836392603684
0, 2.3981044620484253
3, 8.328967051261118
6, 7.274240924525126
7, 6.629772110239375
3, 4.063409091772918
6, 7.472697245489948
8, 9.526054391931686
6, 6.912769442924494
3, 5.108016447029529
5, 7.191305822219231
3, 6.197569286568136
3, 4.82351140994356
3, 6.09450327545627
6, 8.557168599160995
2, 5.406116549828417
7, 8.050679336963983
7, 7.343910492789954
4, 6.957412724128745
6, 8.491073318619298
3, 7.487652562787853
5, 8.756494942088048
4, 8.635771663941824
8, 8.396813421505096
5, 6.576496421056694
2, 6.6620346001221105
5, 6.44292459212909
3, 4.1363487544580435
5, 5.890993875923355
4, 6.63279618737202
1, 4.249819681834511
4, 5.215610038605681
5, 7.046797309456566
6, 7.306102978897023
1, 4.30419645945192
7, 7.935709948412836
3, 7.9121893802247
4, 7.44078066655794
6, 9.896318862737562
4, 9.132447180144643
4, 6.3318364323854235
0, 1.467209750205471
8, 8.943926246374382
2, 3.44852317726689
3, 5.274469740566931
4, 6.609799930031817
1, 4.453227069134436
4, 7.174002231729696
6, 10.66357871351282
2, 4.437476845577631
6, 7.928907166535875
3, 5.41440309174234
3, 8.046343839605566
1, 3.720289368536781
7, 11.509393022672842
5, 6.284324857529046
6, 8.48075123072636
3, 6.287984023905666
5, 5.199529632074088
4, 6.125212103238205
8, 8.922024258734567
3, 5.664394205359632
6, 7.286710761723438
1, 5.226792913368763
4, 4.5875729138636325
4, 6.266197286506575
4, 7.57616762683051
3, 7.052532924623231
5, 7.358374160336329
1, 5.027083906639808
1, 4.783369420621604
3, 4.6384802612471585
7, 9.029771153714634
6, 8.708118460062355
6, 7.414759004684687
10, 11.21281425551912
5, 8.6447757832464
5, 7.372309792914938
4, 5.634857221700933
2, 4.774625329774858
8, 10.131714485552736
5, 9.176333146123337
5, 7.624154218102181
6, 8.648577881812052
3, 5.915937090236107
2, 4.5340799343775915
7, 7.991381610072626
7, 9.182108540726544
1, 3.7439845987843303
6, 8.685455569606047
3, 4.7687039183965565
8, 9.712528591470411
5, 6.905590187513453
6, 5.606290221323131
9, 10.642859755954447
9, 10.172274195594758
6, 7.408816020596569
3, 6.189652576395753
6, 7.231973292303424
3, 5.067928851103311
4, 7.030019543608385
5, 6.857905251603423
6, 6.963339111926343
7, 10.078138336602017
6, 4.857162845935009
4, 7.817821204716885
8, 9.22339916326619
5, 6.849654345904127
1, 4.203108512560783
3, 6.729654652665047
3, 7.904934737681191
4, 5.126878819770719
4, 5.169210840013441
5, 8.76003294931197
3, 7.11381539068573
6, 6.685570181420963
5, 9.095098218847253
3, 4.973249581215319
8, 9.693699510935849
2, 6.529199984488445
7, 10.81494580697322
7, 10.440982101058099
7, 7.756580733394665
3, 7.554154203892036
4, 7.606759169170418
7, 8.488044725096918
2, 6.026704110025884
6, 5.801186462555557
5, 7.6445872198378995
4, 4.322800566343524
7, 9.496705848924897
3, 4.527813493280288
7, 9.399306702853693
6, 9.522648794651264
3, 7.362233250043811
6, 8.534114723675316
3, 8.38067617045521
8, 7.982833254446687
4, 7.834817837746025
5, 6.56642581901868
5, 8.540813440184973
2, 5.545343763818396
3, 3.479903319953579
3, 3.1834131181569583
3, 5.276375258998455
5, 6.914519790216294
4, 4.796605429735033
4, 6.250972118554431
4, 7.0467366431592815
3, 4.43373543612874
1, 5.567493405021905
6, 6.066006447803583
6, 6.910393922086561
5, 7.057024403114962
4, 6.403074953283462
1, 2.8967528127556714
6, 7.596172260827202
5, 6.066246900489348
4, 7.013673814157891
6, 10.324189141653601
6, 7.910191160325465
4, 6.7181297113433835
4, 6.452719876881907
2, 4.885770850712988
0, 1.610742437618382
3, 5.640743237160339
3, 5.99331236301673
5, 6.871437701613526
6, 8.164061347977208
5, 8.154296821808753
7, 8.678620425067487
7, 9.135669223081324
3, 6.361503861103811
5, 5.408291383500482
7, 7.930251127718995
5, 5.827011430154103
8, 9.722985023235607
6, 8.212038591173544
4, 8.527438628845115
3, 4.565362794956412
4, 4.988523709430401
6, 6.22982688398968
3, 6.092874497275916
6, 8.191100734741932
5, 8.576714770016357
1, 2.2946076038017638
2, 4.749075699099972
4, 8.101505675850499
8, 9.717290376769128
6, 7.421755727761179
10, 12.144313746574651
5, 8.133618278643944
6, 7.907438572892123
9, 9.532909525666804
4, 6.091677391602391
4, 5.967842008273139
4, 6.829639159037048
4, 6.774026708976943
2, 5.757043011787683
4, 8.190773110515865
4, 5.970787095693485
8, 9.235546276509368
3, 6.60578957028911
9, 8.862355824826176
7, 8.414836599258908
2, 4.8244652206169505
3, 4.949662611350201
2, 5.658705578732893
6, 8.472297464366862
6, 6.263002640639433
2, 4.40702847467589
4, 5.728287918955992
7, 8.37788233768926
5, 6.215367675664611
4, 7.421398456093302
3, 4.579028150551184
5, 6.1337506009472165
4, 7.530753117926865
7, 7.59560134756072
3, 7.354058910933749
1, 4.013571724190024
10, 10.339921967066102
2, 5.544509251551411
1, 5.788631692882096
7, 7.849101404843907
8, 9.967845288795965
1, 3.0318216813190486
4, 4.630671801814704
2, 7.183776494055083
10, 8.928752178945516
4, 6.239988636590503
1, 4.538935412549201
3, 6.077833128502284
4, 6.228046363282639
7, 9.052068070501383
2, 4.6536847043192555
7, 7.4575277142977265
6, 9.23170585693185
3, 4.6920086608168186
7, 7.651965839718016
6, 10.395885911650764
4, 8.089102463281902
7, 8.414945018987373
4, 5.3384309096162825
4, 7.03366208043039
5, 6.431283566258118
2, 8.65786520840033
4, 5.37813767621264
6, 7.409433282212526
3, 5.271105804352473
7, 8.132024587257336
2, 5.141968374010578
9, 9.808088126256536
4, 6.55545080849444
8, 8.129500473960256
9, 8.662750515110014
5, 7.466774725857541
6, 8.385718334686876
4, 5.944343882946885
10, 9.883932233761673
9, 12.299650860992932
8, 9.625497361118319
5, 7.627423823346784
2, 6.080726883134879
6, 5.7431373554231016
7, 8.504625055340396
5, 6.8513632898411085
4, 6.885027407821882
4, 5.111729654323445
4, 6.379630413821051
1, 2.7555295219332385
3, 5.5237027446924785
6, 7.647422987604827
4, 8.379023875167428
4, 6.640267283792918
6, 5.04381117388168
3, 4.487876780187041
4, 7.22320027228452
8, 8.445440320416745
7, 7.79011850965156
5, 9.084862225500665
2, 5.5777476295240005
1, 4.094142644074047
3, 3.9348366706225626
0, 4.557702939443396
4, 6.659929287776036
3, 6.311200700064728
5, 7.7609176788724215
1, 6.502143756650903
6, 6.7458803657563
2, 3.7497132275099623
4, 5.264153268443024
4, 8.455144782123922
7, 8.347251917670368
4, 6.521173091342075
5, 7.222736260805272
5, 5.771290973253998
5, 6.626390558555862
4, 7.034961903033284
6, 10.247181669412411
9, 9.16446281706668
5, 7.170640050875133
4, 4.922181960266279
4, 7.406270925224934
5, 7.779561448391895
1, 7.613263272233966
8, 8.845004269089722
8, 10.521232311724978
1, 4.858001949566521
3, 5.736520076171141
4, 7.677599439469344
4, 6.168964818569556
6, 8.283928923891377
7, 10.007267435049048
5, 6.897264071177289
6, 6.757169577497824
9, 10.317399087465448
5, 5.445502428449965
7, 6.8806033485683615
4, 7.963371411556532
9, 11.730396584370725
5, 8.142771736240014
3, 6.762165159027531
4, 5.210033304260059
3, 6.65434817980498
4, 5.8566510818419
9, 11.368181585152067
7, 8.404769141315048
3, 5.905883039090096
8, 12.157295518065373
5, 6.013246392373937
1, 3.3075335280533826
11, 9.912630732426024
4, 6.545051646603342
2, 4.863300139807619
9, 8.755391521368022
3, 4.241930801528754
5, 7.030705306447532
2, 4.1150771089486415
5, 8.115932131979775
4, 6.219860540012808
4, 6.693895049056109
10, 12.269602151290115
5, 6.755776521752722
5, 8.356273127210581
7, 8.31637358064188
5, 7.322199830074635
5, 7.298089278583345
5, 8.091976645139512
7, 10.158704008533883
2, 5.494705372545009
4, 6.335619316185035
4, 5.744788312387282
3, 4.592311971469583
2, 5.3065819765508735
3, 5.656014481696662
9, 10.709377834306828
8, 8.132940909412849
3, 6.91201793784142
2, 4.977267893938103
3, 6.239556313387486
1, 4.832328315898002
6, 7.904334388290321
3, 5.7731898627588745
6, 7.679781891879192
6, 9.278805535905033
4, 7.169822996670922
1, 4.58969166526557
5, 6.7761477913173795
5, 6.7080929936879725
9, 8.742020250052498
2, 4.923896108128587
7, 7.62899226702892
6, 6.074532346921818
8, 10.822713114748924
3, 4.6366146979325125
11, 12.098958195997486
4, 4.495200809469685
4, 6.6444346460571895
5, 6.019234836666376
3, 5.424315933395631
5, 7.286643959822158
5, 5.951733598909243
8, 11.945350172819182
2, 5.382386836594991
6, 7.318945667832899
3, 5.867671747611779
4, 9.233932229198048
0, 2.9611971607529988
3, 5.896124976548908
7, 8.037788475443737
3, 4.94882750710794
8, 9.663911452384498
6, 9.254574053099624
6, 7.5998005488238345
7, 7.598556453386729
8, 8.285928199550542
4, 5.305206156130776
4, 6.051145881265142
4, 6.604669586026176
4, 6.868028180567019
8, 8.086236677186124
3, 4.885644804299493
9, 9.70873208459523
5, 8.333436594254673
2, 6.9847729235003655
1, 4.638037354625579
4, 8.985975370060792
8, 8.790195997754537
6, 6.886050004359146
6, 7.552572524334075
8, 7.627196309114725
1, 5.657831620560035
6, 6.317514374428354
5, 7.67174318353727
6, 7.9670971897827165
5, 5.053859055425974
6, 9.398271251227229
3, 4.433711262926578
3, 6.606100371392159
6, 8.834296960115463
1, 3.099200045687134
5, 8.565787744586485
6, 7.084894100120592
5, 6.905551799590615
7, 8.084424618396756
4, 6.350916067057825
3, 5.595176547849683
4, 6.307935342358284
3, 5.468541104283126
2, 5.334261823561834
6, 7.198371724158896
4, 6.7621732547222315
7, 8.320798713500219
9, 11.943747900652722
10, 10.812345287522366
3, 6.65757454182186
10, 10.230609004556776
3, 4.775167046896685
8, 10.229567531705024
4, 6.368639752671187
3, 5.230313060636895
8, 12.520471694413477
7, 7.822303136686435
7, 9.73824135801317
5, 7.011329398189267
6, 8.09107428681162
6, 6.570085970019092
9, 10.024105506718403
7, 8.600998182725435
4, 5.0382431206865546
2, 3.6002404282436444
3, 6.860470683294331
6, 6.220905432423699
4, 5.602575159742229
4, 6.823312779136292
5, 8.963110026132195
6, 9.054221743360234
1, 2.985679435372499
6, 8.121989400813488
5, 7.4891121574306405
6, 9.405725231714243
4, 7.416862608482514
6, 7.075189282941695
4, 7.842188572972571
7, 8.291460586372086
5, 7.8845389530810985
1, 3.5167713229284185
5, 7.974911103415166
7, 8.336267634593186
3, 6.758931836985277
8, 10.934102705009472
9, 9.473833968529613
5, 8.463354011700693
6, 7.354286184370603
6, 10.841541254348014
4, 6.7694195192799995
7, 9.166405076886933
5, 7.888668441442735
1, 4.714734738706
7, 7.547577577064675
5, 8.126003336499133
3, 5.044867613653416
14, 13.263192501008241
5, 7.203962157149896
4, 9.05506817228955
7, 9.857384702789636
8, 9.879422610215823
6, 7.509567836569933
5, 7.095174257336302
6, 7.1806366707677665
6, 8.35142799549479
10, 9.989236895601726
4, 5.698389025885201
4, 5.938726603175933
4, 7.8188590244821725
7, 9.433665108041286
2, 6.129152406544666
7, 9.926550635437883
3, 4.791285782973084
4, 6.316721999906185
4, 6.542209528433301
7, 9.317545146320784
10, 11.079774355001017
6, 7.255769555646659
3, 8.589914363264961
5, 8.806023791873303
7, 11.682898784082209
4, 7.5484926383361195
5, 8.468968501414473
2, 2.9638199769172844
1, 3.7496193956470094
4, 6.5255860540478015
8, 12.593328265552628
3, 5.5390408311745585
4, 8.684007796887474
5, 7.445175270325507
4, 7.279903026166737
12, 12.651327740948446
5, 6.696198029444677
2, 6.316942559256592
10, 10.439351745948851
6, 6.678559680650892
7, 8.666650802455182
7, 10.408846336491104
7, 8.747404876471427
10, 9.79559523817028
10, 9.739192604561458
4, 7.90839258076601
4, 8.621832512298162
7, 11.598512249410659
5, 6.2019929220562675
6, 8.62221857007487
5, 9.287774161719081
8, 8.100920363408466
5, 5.385794517211858
1, 3.5125166573095097
4, 5.400735972315258
2, 6.126114605801138
5, 8.128772814737918
6, 8.175160679441307
6, 8.237285004015726
5, 7.518943211959001
3, 4.954309344962045
2, 4.431357651574414
7, 11.253890723816417
9, 10.335883262006796
4, 7.633470173381037
2, 5.761757555371686
6, 9.753466995117078
3, 4.775445789898017
5, 5.940887758438397
1, 2.9677536347247386
2, 4.40982148932776
4, 8.909409147841018
4, 8.311933745038244
5, 9.28096302856157
5, 7.544353329057419
7, 7.873085241621834
5, 7.023028281939356
4, 5.716643839936071
5, 7.9997827442522205
3, 5.863845228450316
5, 4.795679191577518
4, 5.917037247463724
7, 9.817648916282257
5, 7.199575256411589
9, 8.652550962588926
3, 6.234465654753415
5, 5.0529579424408
6, 7.458675522334196
0, 3.8817277937910113
4, 7.496200524808825
2, 3.968542648942302
1, 4.777395821186085
7, 7.8268197215157915
4, 6.330220753720314
11, 12.149806182747264
2, 4.611718245038919
8, 10.118511921665986
3, 5.612124544130087
6, 7.239371030510481
4, 6.357599511985601
5, 7.541288630538627
3, 6.59294547753642
3, 6.318585944031443
3, 6.74221633332424
5, 7.878176046808657
7, 7.877761057201697
3, 5.973961069867737
6, 6.733499272682187
8, 9.377459466722263
6, 6.697807695375699
9, 8.930460522882624
4, 9.588727398880582
2, 4.517576008780791
3, 4.914147327554262
8, 9.80944643931323
5, 6.174036919840491
3, 4.456784304077674
6, 7.533671138952821
2, 3.9351197148841575
4, 6.356968616456573
5, 6.733131530849568
3, 5.032098560086764
4, 7.788935281796292
3, 5.84750871684727
4, 4.416135397086109
4, 8.435579960331944
6, 9.581330587738083
5, 6.678654459248827
2, 4.852542118896492
7, 9.42761892982251
3, 5.154584552726755
8, 10.838692514210436
10, 10.26975035034494
6, 10.0462782354198
4, 6.594641477392095
5, 6.695214112625178
5, 7.231681950089555
8, 7.155427560710291
4, 6.943512195838114
5, 8.187217751701326
6, 6.496013267723129
3, 4.876633763081456
7, 8.033641825961167
6, 9.823015889735846
10, 10.56077393196912
6, 8.519011633681629
9, 9.520758355216968
3, 4.891416473206137
4, 5.982442263702461
6, 8.798097733699736
3, 5.755931456624501
1, 5.453396559004217
8, 10.54714410091923
1, 3.516878146360825
1, 4.64337353416314
6, 8.365148758617385
4, 7.464629515102673
4, 5.706152417578864
4, 5.606537064742015
4, 8.02332075219217
3, 4.976229653428701
6, 10.402693967000067
