Threshold, Curve
10, 8.94200869622779
5, 6.834710213240743
4, 6.046141701408615
12, 12.480171536693108
5, 6.404372246745251
4, 6.0598365165414
3, 5.544443254932967
6, 7.417093205100478
5, 6.173989095712285
5, 8.556401596123735
4, 6.264590660281905
5, 7.975305833450644
7, 8.587417495784225
9, 8.32354683737836
10, 8.822652187117447
5, 6.44301182639551
5, 5.3178995830252465
5, 5.755773986871488
8, 9.583063936710406
9, 9.555549643336088
9, 8.945462179254479
7, 8.015506903071929
2, 3.491453473111485
8, 9.108223860498553
9, 9.715075290438447
8, 7.391562744263029
4, 5.794177156014265
7, 7.845083889289426
3, 5.409075068996493
8, 8.711848723138559
5, 6.7899640731880115
5, 6.935147069987182
8, 8.540898717551084
8, 8.268978700159574
6, 7.142848523093066
8, 8.17282314377337
8, 9.071359983741866
8, 8.850182290716615
3, 5.145667019459201
2, 4.37788564748089
4, 5.442336735530856
5, 7.3094649138709595
6, 7.118592612415528
5, 6.650713859755238
3, 4.792963473129206
3, 7.024881644770983
6, 6.963070657108683
3, 4.928766056582395
3, 5.646842228392632
8, 7.580942645646962
4, 6.2246101429821366
10, 8.869487093965427
6, 6.221013000257434
3, 4.184619871050912
3, 6.200347621760467
5, 7.5569094805504236
5, 7.107889428727185
6, 5.5305730050498445
7, 8.547767250127237
3, 4.889349180899626
6, 6.755269206682015
10, 9.379816311872876
5, 6.996490853117504
8, 8.529025110715184
7, 8.66851852562135
6, 8.233900080043323
4, 5.533616399388297
12, 11.924635144616065
10, 10.724884122088447
9, 11.017077291181769
4, 5.232852568435113
4, 4.935841140766834
6, 6.924273349507751
4, 6.841826649309207
9, 8.340386241781726
9, 9.665539972095205
6, 6.014673789374879
7, 6.418107946146019
6, 8.338516026856176
6, 7.028789637885303
7, 8.230198528033252
3, 5.162376159887216
4, 6.90351933961614
4, 6.124422150656963
7, 9.803578002503336
10, 8.639445391986726
7, 7.912792834108259
4, 6.678812710779795
8, 6.9636039710629785
3, 6.922612350168428
9, 10.311440621937294
9, 9.45226205544693
6, 7.776535043941996
5, 6.206717736502771
10, 9.595182479207244
5, 8.422718666510512
7, 8.575820881529946
7, 8.43052432622192
9, 9.351099956525141
4, 5.753303800048931
8, 8.956629291715423
5, 7.355646110295256
5, 6.663098395182204
9, 8.222994962371702
8, 7.920377580627519
4, 5.686896110430066
2, 4.287987615798479
5, 6.237983265138803
6, 5.927696312137575
5, 5.989019751530067
4, 6.8309519672595105
4, 7.0063502452844935
6, 8.225660066550244
5, 6.2501075242542985
7, 6.927370186058904
9, 8.24000256580106
9, 10.059907795958098
2, 4.710247221149902
6, 7.6641136305242785
5, 5.9714158076176
6, 7.892168683638678
4, 5.681189197420674
5, 6.436354601464421
3, 4.086612656348952
7, 8.579290414656008
9, 11.184463467737267
7, 6.45739158387335
7, 8.26641142922153
8, 8.150479341925346
3, 5.211771584426592
4, 8.372320841601555
9, 7.925442314817943
7, 7.017532784792576
2, 6.716545050052517
4, 6.978440427958098
6, 7.415077285353346
2, 5.892508289880887
2, 3.0866693876157
4, 5.829886830987879
5, 7.426378348472535
6, 7.305466712676737
7, 8.383144712569923
7, 8.079195200050258
10, 11.518196832319815
5, 5.598519353848452
5, 6.539939119125454
4, 7.340370644646884
9, 9.153304192706816
8, 8.742707008365022
7, 8.27880307339822
4, 8.22820228564496
1, 3.53221109211814
3, 5.338054393319065
7, 8.393832881810232
5, 8.088531873765847
5, 6.072732834874305
10, 9.726784329224733
4, 7.772976795311592
3, 4.519863702492767
11, 11.112611978371252
9, 9.459839586132505
5, 6.625676685001417
2, 5.937720106966795
6, 6.174234585420821
6, 6.600271921976552
5, 8.748622428090696
5, 5.025133838917015
8, 8.276632276938034
5, 6.277579777572672
6, 7.957080283307913
3, 4.282431940163886
4, 7.7305049363248735
7, 8.52640200523763
7, 7.383823622735079
4, 7.042283408225631
5, 5.993919005837028
5, 8.458618782646797
3, 5.298609719534185
4, 6.707554781781115
8, 8.346643270051596
6, 8.315306676364187
4, 5.00030615369897
9, 7.865075048523192
6, 8.968905717638268
3, 5.283757634358039
5, 9.510733413638718
8, 7.247627647516382
5, 6.259716584697358
6, 7.166272866454901
0, 3.120543821911542
5, 6.086256598834675
7, 9.114989840860947
4, 5.083307749231019
9, 9.086861857176936
7, 9.431988532125684
3, 5.602437004539554
7, 10.005158778174202
8, 8.15804901408288
5, 7.677146197754049
5, 7.29543740374143
5, 6.170063277285831
9, 9.93884234041621
4, 6.162953029947241
7, 8.40278184444614
12, 12.154445722230836
6, 8.083290704136129
3, 5.049563777578681
5, 7.774350992663289
3, 4.58715390819907
5, 7.293373350519598
8, 10.114979579328828
3, 4.602247195378961
5, 5.918977421418753
5, 7.440273558453694
10, 10.418616148944237
7, 7.150644868055165
7, 8.314736934628487
6, 6.184241228166315
5, 6.139452270511994
7, 7.620497595930732
9, 10.096155161798086
4, 6.05787085595991
5, 6.152999706013246
5, 5.964853529503813
2, 4.617374324842773
6, 6.117680024827624
6, 7.093676389683372
4, 5.879237821530241
5, 6.378306302317253
8, 8.75057740500851
6, 7.817025506263372
8, 8.855688528494268
7, 7.637663775384396
3, 6.830187317141499
5, 5.886820245189314
6, 8.516626260538482
10, 10.76949736312185
5, 6.7092757557489
10, 14.56993851929634
5, 8.557274482191215
7, 8.83344263565095
6, 6.106472739567443
2, 6.4447187458569966
6, 6.596265666805574
6, 7.7124704577334855
4, 6.971721341159553
3, 4.830146196989598
3, 5.077112554492974
4, 5.815421247926269
8, 9.916387567692414
3, 5.031560627600085
1, 2.4021220535241024
5, 5.183279581812059
4, 5.73214611947887
7, 8.178103266625596
7, 7.473371581233459
3, 5.22044955063969
9, 9.000489759783227
6, 7.337615637866228
7, 8.960431298154631
4, 6.38744008120905
4, 6.664375336596882
5, 5.006606797503785
5, 5.775130920182322
4, 5.136142660126518
8, 7.734645869999165
6, 6.413521915968638
8, 7.827206122952547
5, 6.757543272427988
5, 7.194542615238249
5, 8.764817373326046
10, 12.358496585795793
6, 8.894852492519773
5, 7.690844535512048
7, 8.245989889933448
5, 5.745860310760018
7, 8.826148940556308
6, 7.006200964107751
6, 6.030403373949957
4, 5.306157695918953
5, 5.987463727151912
10, 10.365487926712754
4, 6.640433318261194
5, 7.298312970975681
3, 4.607908982363017
3, 5.55045995680541
6, 8.229312952324651
5, 6.103454370682353
3, 6.447576049470304
0, 4.409627297327904
7, 9.392877169347805
9, 10.378800398484369
7, 7.151406120506411
6, 6.7183377134240025
9, 11.387121041863384
3, 5.796817937273166
6, 6.89832981514275
2, 4.129201210428259
6, 7.127105648804519
10, 9.56149969781886
8, 9.135923942262082
5, 5.571751090313536
10, 10.185162795659817
3, 4.397025349892873
7, 7.379000425010188
4, 5.135980701369498
2, 4.859187838482863
6, 7.481606633497759
3, 5.552722644256216
7, 8.094411907427755
8, 8.492641151810794
10, 9.182885839294144
5, 6.312346487596229
5, 6.967601273090345
6, 6.522717300726578
6, 7.119213997099435
3, 3.959126768127104
6, 7.721315396225884
4, 7.874084427646954
8, 10.825981074738857
3, 5.065027581892021
5, 6.919110556575543
10, 11.589196172077163
7, 7.639649865328104
6, 7.819485465280641
4, 5.803136101398455
0, 4.2160478728179
4, 5.103419250004137
6, 7.622386469137364
5, 6.812279814634427
10, 10.31878207836253
3, 4.211211361965213
7, 6.796386689189369
6, 6.6502877607012065
6, 7.051185113487491
14, 12.220583345277026
6, 6.345100113793832
4, 7.020926882436054
5, 7.297189060269213
3, 5.08849377862356
6, 7.4792790931508994
2, 4.363367921059609
5, 6.127055186518843
5, 7.413330725670728
4, 6.003501968337997
3, 4.6688828369918935
5, 6.725829806796267
4, 7.560555983809749
5, 8.177909901382987
9, 9.866069078114906
4, 5.60891456577927
5, 7.44562698497775
6, 7.462921338569323
4, 4.869480592783667
5, 7.48019448498722
10, 10.001678220838189
9, 10.187780228839445
8, 9.606362672704991
10, 9.859069773053282
8, 8.453142696287673
9, 9.157408434290776
4, 6.026629864705211
6, 8.53164766227959
5, 6.079231111499963
5, 6.385387102991617
4, 4.565815998246622
8, 8.903840940332753
6, 5.985171663752633
5, 4.892541911034818
7, 7.583247961342479
4, 5.268992589825734
8, 8.646756386193573
5, 6.955088566971212
7, 6.770079794285428
8, 9.392552386971193
5, 6.219328197172761
8, 6.449039508686756
6, 7.559610235125618
3, 3.933745715989432
8, 9.075855103527493
8, 9.454821681624836
7, 7.782682395743625
3, 4.729790087096522
5, 6.806561987371696
10, 8.759791685948466
5, 6.725067688211167
4, 5.438195784032134
5, 6.763163914499756
3, 5.891020718149687
5, 9.1690789348994
6, 6.874398587304197
10, 8.88997780260634
10, 11.285627050140459
7, 8.303640070134604
5, 5.60619786947911
6, 6.862458619738669
4, 6.630563233078579
2, 4.662410673792322
5, 5.167653499806967
4, 5.476484044712198
3, 5.645419840312835
3, 4.511602126368252
6, 7.862293443146541
2, 3.059505614072827
9, 8.001534820663935
8, 7.576261705690363
4, 8.210967308832542
3, 3.2271716965743864
7, 9.549259632752307
5, 5.805552706788254
4, 5.643184261301329
4, 5.960451527040565
7, 7.94659846846933
9, 11.878332707606189
7, 8.55439873980949
8, 8.50841058524513
3, 4.584347438546324
3, 4.982845864184202
0, 3.213639580899501
6, 7.2867536499494205
8, 8.194167883812765
6, 7.210101269049457
6, 7.478089504295211
5, 5.613893597599083
7, 8.366924121526916
1, 3.0318462117397402
6, 6.78408369011034
6, 6.655545204997283
4, 5.570658436516488
3, 3.777546899628991
8, 9.851067987870076
6, 6.3802870486510725
3, 6.133339536921903
5, 8.08691739858001
4, 5.155470127651191
5, 6.628943060864797
13, 11.11847992967248
5, 5.120675324985611
4, 5.110481230509095
8, 7.80220935241169
7, 8.48944524202138
4, 6.538877860962674
7, 8.514453521321352
9, 10.148608828262493
7, 7.176642942385357
4, 5.154107310865969
5, 5.185414340579967
5, 6.426503410924623
9, 9.95039012920759
9, 8.425787940561946
3, 4.909649888422498
2, 4.606119700790794
7, 9.49530580396287
5, 6.062823762707557
7, 8.11039439763207
4, 5.240794101835685
6, 8.591905299482162
10, 9.914194901908536
3, 4.9256349443406275
8, 9.702258673839186
3, 6.1708834964999495
4, 6.166752195333261
5, 7.517140626006879
3, 5.813395785144823
9, 8.119674786087959
6, 7.551057749339181
8, 7.481949824186907
5, 6.569409174396392
8, 8.780775499978665
11, 10.535631505636008
4, 7.008160799523504
3, 5.45309123405193
8, 11.768576002869201
8, 9.97284407042028
5, 6.2109248057091575
7, 9.556226636970482
4, 4.183663725489114
3, 6.079234097437589
6, 7.068279657926829
11, 11.103979356733964
9, 10.561157084614779
3, 7.110859371453775
9, 10.653421597796868
5, 5.316111811594707
5, 7.82540538064617
6, 6.558108267284137
3, 3.9205697926826204
2, 4.889108634672223
6, 7.894727994369789
8, 10.036529824665257
6, 7.410430404461632
8, 10.664879356100244
5, 6.205250648365562
4, 5.077632263330921
3, 6.509803996895367
7, 8.4986344168014
9, 8.966466499638786
5, 7.884941451539521
7, 8.91034042803913
4, 5.2675496667599235
6, 6.978032991208138
7, 7.33409754866742
7, 8.062991561767612
6, 7.571291608938498
4, 6.562979707022852
7, 8.924765055995387
1, 3.9245877465396233
2, 6.500788638496664
2, 5.003108971402071
3, 4.7012142395300645
5, 5.4304808065638035
5, 6.520533901370519
6, 7.751311600692617
7, 6.026068672267348
4, 4.909520207735439
5, 6.259324259603364
9, 10.704191477039455
4, 7.849299989117628
3, 5.472087665256717
5, 5.929517829959263
4, 4.887162417453516
1, 3.702687433588998
7, 7.5495739615152635
6, 6.2752049661426925
2, 3.6116017844182724
7, 8.25094273448473
4, 4.8050572658138115
11, 12.352399926348033
5, 5.894718619971474
6, 5.8907006049730315
8, 8.269465419704549
1, 2.5955192827172793
7, 9.64142227986937
8, 8.080230663817291
5, 6.520056396649735
8, 8.731950441764512
5, 6.17840572491469
4, 5.723082111276265
5, 5.72026138116371
5, 7.742504816806499
2, 4.269533076532577
11, 11.750515616552223
6, 8.662394361852142
8, 11.022144442792227
9, 10.123367210535262
6, 7.497103716047113
8, 8.711439712087508
6, 7.764839497442239
8, 8.401716252251092
5, 6.250350499666552
5, 6.714586543305508
6, 7.820736504656062
5, 7.560456145496306
5, 6.8377147677007075
3, 4.886350106772042
5, 6.380076476993466
4, 5.742317471252394
7, 8.168690395571355
4, 6.260726105424399
5, 8.940666282721892
7, 8.562537485599261
4, 5.211055813651484
6, 7.127671737602604
6, 5.8894778186254575
7, 9.098821491000338
8, 9.54620410997367
5, 7.089923977625201
4, 5.33109335603061
2, 4.7478003519294765
7, 8.81966551630221
6, 5.865997009776907
3, 5.651034475813972
5, 6.953763598807742
6, 5.779172136547609
2, 3.3835731063091194
3, 4.226736618820216
1, 2.4687613014268384
5, 7.335377145394696
9, 10.358529226125311
7, 6.974053963976999
7, 9.133116313466815
6, 8.123457245798994
7, 8.446786279804986
6, 7.505652735602833
6, 7.289454216022817
6, 9.759755450306873
6, 9.395916729296609
7, 6.894800115708867
9, 8.280904066132484
8, 8.799469197885971
7, 8.203732859082422
6, 9.156955374521523
4, 6.347336825647125
6, 7.735367512834886
8, 8.980273143488589
4, 7.196798351275757
9, 10.335311750934048
9, 11.946030485382682
4, 5.956366479446142
7, 8.722220420301989
3, 4.979983279413633
5, 7.130951840436675
7, 9.460552209404794
7, 7.31495864924717
6, 6.514442116904599
6, 8.051538573484821
10, 11.587614677843032
11, 9.68759489185237
7, 7.885040486408497
4, 5.551706605802861
6, 7.187966723650287
6, 7.386293556695926
8, 9.978408536253056
11, 9.369695263739816
7, 8.544786003876501
7, 7.306765064698963
6, 6.666306440139966
7, 8.780715278012554
6, 8.223002886779357
4, 5.752010224583539
7, 5.927583527840927
8, 7.3402319212792015
1, 4.059347856918198
4, 7.723877914899218
4, 6.890592998986955
6, 6.165939076699637
5, 6.078479888881619
10, 10.476076244915902
7, 7.924646493694443
11, 11.329458447008188
9, 10.725098382395789
4, 5.704679936117851
9, 10.649547852540692
5, 6.602385213931808
4, 4.654827973587211
5, 5.680206551628646
3, 6.552618646013315
7, 7.64564191259996
5, 8.156783996157593
6, 7.766618045061938
4, 5.355637010975221
4, 5.704105077094647
9, 9.430015221035692
5, 6.955365534388962
6, 7.05797281462045
8, 10.160477126444029
4, 5.8818066616498745
3, 6.395535100148682
7, 6.957220994901169
3, 4.218284614523533
2, 3.4256419702630185
7, 7.3646765831346706
6, 8.309598268497593
10, 11.222696528911131
4, 7.146725575570539
5, 6.265474352994202
8, 7.972125660120201
3, 4.47337035273571
6, 5.385809917965485
7, 9.084447751890231
3, 5.424858304059474
4, 6.54308856545975
6, 6.927406434090922
9, 8.490544342933429
8, 8.946614741957855
3, 4.164519689596817
7, 7.274668828690125
6, 6.937602232132837
7, 7.999748308197261
5, 6.1203980744755055
1, 3.6684307635769646
6, 6.682411527984545
7, 6.816231583903949
7, 9.218287908769621
2, 4.600109398718391
6, 8.552091878830856
7, 9.483702742587887
7, 7.201950507990902
4, 6.421255329716345
5, 6.475909143559641
8, 11.206173633205509
7, 6.278113516103863
10, 9.318197736229921
3, 5.743601398308599
3, 4.731080098917061
9, 8.837898909813713
8, 8.786948388360917
5, 6.533757476644064
8, 8.83862663187088
3, 5.4103207628922885
5, 6.932518164730783
6, 6.093551473449818
2, 4.875174001947698
8, 9.589109964558858
8, 7.683317437516551
5, 7.464987753241158
5, 7.156885807267072
8, 7.8083302574621865
6, 6.306382735675609
7, 8.948266997734828
4, 4.614841474076067
3, 3.392982414712483
4, 6.205550429933976
3, 4.4994124908174955
2, 6.269181559158539
3, 5.433186728837343
12, 12.503536182820323
5, 5.936234906309238
7, 7.706450850428146
13, 14.564911661075076
9, 9.972476019493879
2, 2.5088141679666
8, 9.111932300192523
5, 9.56151909473902
4, 6.179266808290243
4, 5.952263656329211
10, 9.989986755120775
11, 11.598509571512599
7, 10.197082236895769
5, 4.804084967357787
5, 6.314108241894683
10, 9.7981266353676
9, 11.070861682565699
5, 6.715404293841928
6, 6.703214056504463
2, 4.952960638330118
4, 8.613291616786084
2, 3.747640465775436
6, 6.984525690835035
5, 8.478940297852034
3, 5.498392921823112
7, 8.367903001269543
10, 9.757404205160594
6, 8.414274119210845
4, 7.0047713261530165
7, 7.308225222142726
4, 8.241569782210417
7, 6.235895895700659
11, 10.566783611813015
5, 6.3212584557075315
7, 7.553955177815545
2, 6.393741093397326
3, 6.134139667129907
6, 8.251220461078578
8, 8.931550393531206
5, 7.55182206606613
5, 6.629012010314563
0, 3.3279774877470114
4, 5.941784565122689
5, 6.552166781472021
9, 9.113826873188703
5, 8.125774567846133
6, 8.05805348720719
4, 6.5085747443272295
10, 9.891233579586041
6, 7.605918781019149
3, 4.543539935094914
6, 7.959839189338078
9, 8.06663306582341
7, 6.956282958701706
11, 10.989274496202981
3, 6.424222811274479
6, 7.055943582264977
7, 8.902174362510324
3, 5.9772932536618715
8, 9.92174021044744
7, 6.967488199243676
10, 10.37493021590362
4, 7.37141182478095
5, 5.783418608213879
6, 7.928754447577673
4, 6.186629482457324
5, 6.962404720051148
6, 6.990701036248669
4, 5.12308323842897
3, 6.174582585964606
6, 5.781014613995624
12, 10.776173825461347
10, 8.444690263006827
8, 8.586826096744286
8, 7.865643310492533
7, 8.346254792723835
8, 8.998549137279078
6, 8.93210382211578
5, 7.090674993121056
5, 5.952112857809283
5, 7.047414778634829
5, 6.921891175645691
4, 4.797456475767172
6, 7.504274851558591
6, 5.9321409201571695
4, 5.57622828077662
4, 5.842577071423995
5, 8.392360276142224
2, 4.746805030028787
5, 5.421390282130302
4, 7.188668171172746
4, 5.168329348631079
3, 5.333163586580294
6, 7.117128850460154
7, 7.768580818164229
5, 6.796853066026173
6, 7.380782368359317
12, 11.511665603315842
7, 9.49724883982034
8, 9.450759915275398
9, 8.792951952292732
3, 4.129188865805611
10, 12.000223465218188
5, 6.387892263379824
8, 10.616654216492826
5, 7.196515872748648
4, 5.6265660887653794
8, 8.02983797667334
8, 10.241085866684326
5, 5.764998493208632
3, 6.022930589306622
8, 8.673327546678186
5, 5.973962774865713
8, 7.549615232778726
7, 6.856524273909828
6, 8.20892048033366
4, 6.052713782394555
8, 8.242399416773505
7, 7.495535585501489
8, 7.952770733218935
5, 6.231279645424048
5, 5.957554623289511
5, 6.227355225928376
8, 9.060171372248167
6, 5.8206365210044355
6, 7.98101921924486
6, 6.910731318462564
7, 6.958481735334608
6, 9.291280681916495
7, 8.185738865796734
7, 7.437544964302693
3, 3.5815460862664614
9, 9.095157689708719
5, 7.760587740406355
5, 5.669983144311079
3, 4.0699195846799565
8, 8.861440456192215
5, 5.347101933227063
5, 5.669930722915332
7, 7.820783675873654
4, 4.092614290826285
4, 5.373829178746535
5, 5.667416331718965
5, 7.283676427504302
9, 9.202230359833786
5, 7.714397538465654
8, 8.328114463301468
5, 6.616271983699507
5, 7.167456152699455
9, 9.386543592427822
4, 6.030080039466889
7, 9.520332163123403
9, 8.044214201223037
4, 6.845602746381923
7, 7.751515758766063
5, 6.8480680133769765
9, 10.2386867871511
4, 4.912370393637625
4, 4.086516546035295
4, 5.3791701250611
3, 4.44022093211631
5, 5.819520592426701
5, 6.758502924289861
7, 7.770180536371476
2, 3.2886171563426623
5, 7.003534359267742
11, 15.092223021758446
5, 6.749817182849727
5, 6.054978636986933
9, 9.328527768537842
7, 7.956940262435805
8, 8.683949983111896
5, 8.654842713495556
4, 5.937581577508649
6, 6.677631676367747
5, 7.857074330932186
7, 7.869418664656431
6, 7.49479665970995
7, 7.651437250365715
11, 9.077986267451402
8, 8.039722155949821
8, 8.087630348572539
4, 7.683397057835145
7, 10.20250680402138
4, 4.974786048201618
4, 5.255482719926717
7, 7.9511889597611765
3, 5.4387837938811385
6, 7.166656173530916
7, 7.644228886095005
4, 7.28649441776415
6, 6.880767070980898
4, 6.15444551570131
6, 7.115573455704936
8, 10.619821057715866
7, 6.926286549928144
7, 5.997653699085027
8, 10.368891845827596
4, 5.865383594465704
5, 8.091417589486174
10, 10.735053168844416
7, 10.923106676554484
8, 8.064098716690133
5, 7.560300459365127
6, 6.209450584191289
10, 9.557619026501593
9, 10.07601017279745
5, 7.282510485582402
7, 7.3558169669666595
5, 7.873790573607872
7, 7.443344257995793
5, 6.054734220022537
6, 7.266831552587978
10, 12.462340097613064
6, 8.131048807396411
3, 6.509820285612927
4, 5.802250641606646
2, 4.591854090694593
4, 5.281367373578068
9, 11.101530618274602
5, 8.852623214406913
5, 7.072622694640515
6, 9.533766628056231
5, 8.331382185929
2, 6.2103769046858375
4, 7.742387022666014
7, 9.474787806792895
4, 5.762153825137247
8, 8.68250579127865
5, 5.436961226176513
6, 7.731052129674333
5, 8.190030406842244
6, 7.229462397764867
2, 4.676091204016774
5, 7.902139122722345
8, 7.808090209659233
10, 9.558770011285711
5, 7.054867902525846
6, 8.814983223144967
9, 9.433815240419277
2, 6.802183689871742
6, 7.215911583528028
2, 3.6376583185535694
8, 8.235779872637021
7, 6.595668779936107
7, 8.691683231907147
5, 7.482182670535651
8, 8.614230395661147
3, 5.704791047169626
3, 5.15168504083259
10, 8.891690956618108
4, 4.150898373878955
5, 6.235472939760892
7, 9.395697224054054
8, 7.610844938371132
2, 4.75216538411311
5, 7.083307750760053
5, 5.995903312126061
7, 8.559186887017802
11, 10.958372180778364
4, 4.9069031275073405
4, 5.401241091636141
7, 8.718534020272577
7, 8.118115822912701
13, 12.83597889206719
8, 9.489609206885536
3, 5.157513277416529
3, 3.909580529972348
3, 5.327158008474754
4, 5.280108974684062
5, 7.855334719126187
11, 12.618280416862977
8, 8.362352904426697
5, 6.399771547073638
4, 7.0993363680529
6, 5.941015707134596
4, 5.556092036232287
3, 5.983324990152761
6, 7.942599265200278
6, 6.295302897403448
5, 7.0825484727241586
5, 7.00932155100011
5, 6.429670881567083
9, 10.839657476572713
2, 4.326930320112034
8, 8.210598468382214
6, 5.862851176213756
8, 8.44996193455836
6, 6.651585037675042
7, 9.676626360115797
4, 5.4667790386596975
6, 9.125106142368283
8, 9.005336303860155
2, 4.739156637229842
4, 5.4332459905164505
3, 4.356052725462224
11, 8.976084285447355
3, 5.989011035108896
11, 11.421702928630923
3, 6.633822875049126
2, 3.0239693720095917
3, 5.187067820299026
6, 5.687139856529714
5, 8.064079101568323
6, 10.025543021140706
7, 7.38810576844001
4, 4.809978524138352
5, 6.35264525642112
3, 5.785619662011728
5, 8.48312315245244
3, 3.992841616022364
6, 8.182076439292512
5, 6.908568023196418
4, 5.468306160096892
2, 4.5447735966175316
6, 7.978333948954965
3, 7.258274114583354
7, 7.9116671287431775
7, 8.53656155280872
4, 5.008866271574001
5, 7.914011211248168
7, 7.800770961961311
10, 10.84291494265055
7, 8.007097873641749
9, 8.413978052888826
5, 6.836936635407472
2, 4.653807104767439
6, 7.267967684334287
7, 7.573579526853253
4, 5.430590171079658
11, 11.699616429429362
4, 6.064843091833577
6, 5.855921517363422
7, 7.8160813602694015
7, 6.80336025991881
9, 9.858618411408976
4, 6.345645250076964
11, 10.09252611270834
2, 4.722185001247685
1, 4.692509371107592
13, 10.832185012343617
5, 6.05137603503425
9, 10.299779759661567
2, 4.701358236499842
10, 9.735741144904965
9, 10.161853037966306
9, 8.53434737868829
6, 7.855329919925195
7, 8.540423894801204
5, 6.0721775043647845
11, 10.417111169261336
10, 10.437203544626255
10, 10.926030996265705
7, 7.657405992422928
6, 8.471144919861937
9, 10.39341481269305
4, 5.726247774357406
3, 4.561774166146541
6, 7.566342693614646
9, 10.35494825844536
3, 5.0862001064381746
8, 10.031410020421356
6, 5.893972047935501
11, 12.540665076846851
4, 5.5202715744560455
9, 8.017921234177686
7, 7.658086607811357
6, 9.304578589445557
10, 10.397858013517652
7, 7.248093475231366
5, 7.411636559269864
5, 6.6637512652935404
4, 5.315936161782725
5, 6.879322003988103
5, 8.022527046959627
1, 3.6734418820381824
1, 4.113874512387375
5, 7.071902578820188
2, 4.172899486316528
2, 4.729193755124856
6, 6.775290959570563
8, 9.22080306843427
9, 7.969787590803624
5, 6.635171612675499
6, 8.515232463386551
15, 12.189298890384599
4, 8.280183687150148
8, 7.671759376847101
10, 10.20398696216654
2, 5.691865709427057
6, 7.754740047845136
4, 7.045767090787135
8, 10.673810947753804
6, 7.553317835526716
7, 8.40349806363179
11, 8.895787287061355
7, 7.724773508906541
5, 7.478746928363958
2, 5.374132354276542
11, 10.43700749104364
6, 6.690690151148545
8, 9.973580053553459
9, 9.443423330216255
10, 9.109078420227796
7, 7.185824512458228
4, 5.236810682748685
7, 8.334190775894973
9, 8.987302479963871
7, 7.923832915001488
3, 4.278666045846845
13, 9.708353836454872
4, 6.905825646701858
7, 7.422900596480983
7, 7.863269063738094
4, 5.628304111645992
6, 5.898100718850155
8, 7.946369886141118
9, 7.805785563537144
6, 6.403142148737202
7, 8.023356242875849
7, 7.814772764148524
6, 6.992926818514383
7, 7.730252812294111
9, 10.352067970347683
7, 6.828894987433406
3, 8.522874937041315
13, 13.010031388141288
6, 7.821083624473932
3, 4.64685902634831
10, 10.709625185190106
4, 6.118122375868485
2, 4.055085317591941
5, 8.674066399138102
2, 5.828551176792013
8, 9.458410311842714
11, 9.56778055727044
4, 6.1837871358737075
6, 7.339553017073393
7, 8.051986484682866
8, 8.027726508608405
11, 11.886226127625719
9, 7.648822622568905
3, 6.312209094569151
8, 9.795029236774166
6, 9.280870658741009
6, 8.189307082917054
7, 6.745041384061385
7, 8.390833590027867
4, 5.47959260302453
5, 7.846112998543566
9, 10.891420808889503
5, 6.385858651071764
5, 6.581614985113743
5, 6.655845858499229
6, 7.594176959607605
5, 7.436086278535538
7, 7.742550366470854
5, 8.6429572183982
4, 6.24128328941322
5, 7.213044244012124
6, 6.799655289010442
5, 8.62940041290958
8, 9.316959436305071
1, 3.1419455983146283
4, 5.529966401575939
2, 4.242337956176729
0, 3.3638567913711857
6, 7.491618476938344
10, 10.559709388920233
8, 9.316868704343273
6, 7.1473426501307795
4, 6.825005321594008
3, 3.5769230900450926
6, 7.2455210591314305
2, 3.970434074833264
7, 6.894699024777328
15, 13.360879932051606
12, 11.47090318465127
4, 5.523532988036612
7, 8.330694930926382
7, 6.793149676982484
10, 9.756100915673162
3, 3.81633009925527
4, 6.658836068826251
13, 12.453801623652604
5, 6.115159012381561
7, 8.607346810292954
0, 1.3462694597162999
4, 6.3464181082766515
6, 8.337239061710022
5, 8.381664483804709
9, 9.312671863617593
8, 8.420678999637484
5, 5.490894742379683
8, 8.22570723309249
10, 9.455384387702752
6, 8.774594304600628
5, 7.318477880262883
6, 6.110870348807288
3, 4.7804725090202105
7, 8.60246260978507
8, 9.672757167041707
6, 7.385190844654627
6, 8.83706205606326
3, 4.4483376453458865
6, 6.3013973906507506
5, 5.802897412995789
7, 8.903009773918717
6, 8.318425128076543
9, 9.478181348434498
3, 4.391849294506761
7, 7.125328457352793
7, 8.353889556870449
3, 4.688403830615246
8, 9.174863589649068
11, 10.765421862429852
7, 6.659091818975375
3, 5.687504949196556
7, 7.122336120381302
6, 8.375430495938838
4, 7.115675518014221
6, 5.970919987799752
5, 5.399792587952481
5, 7.086936620094732
2, 5.983064288125375
3, 8.08177682951712
9, 9.740610721933898
5, 5.724836375170934
4, 5.201290001203385
5, 8.390341605061378
12, 9.333180822511398
5, 6.312718645555746
6, 9.564717909276977
5, 7.124173808762375
8, 8.607221930996758
7, 9.585131166896698
8, 8.08944288677959
4, 5.820727856544572
4, 6.8954158882616845
8, 7.737715924578784
8, 8.000322321112051
8, 8.755347197517024
8, 10.375339000390555
4, 4.355508707330811
12, 9.49514513912964
6, 7.455291118469455
3, 5.871822804219087
8, 8.518699847510558
2, 5.460091453096511
4, 4.859522081511937
5, 8.259179842370536
2, 4.389283380392764
3, 6.4325327125168315
7, 8.867015441438078
6, 7.790806428680221
8, 9.703276038113664
5, 6.091797179193672
9, 8.610203633847481
5, 6.463268090389151
5, 8.255047926672091
4, 5.83299769776217
2, 4.642758733929975
6, 7.600998341011059
5, 6.3709835311829695
5, 4.8132170633697315
4, 6.800731841175106
8, 10.630193980476271
6, 9.500316951597435
3, 6.2680782218286835
6, 6.81140278611106
6, 6.210639478533704
9, 8.860094729176584
5, 6.6515725676316775
8, 9.404015339254604
8, 8.233630534614301
5, 6.326013509149763
4, 6.2128212207482765
2, 6.286453861441216
4, 6.598360188684056
7, 7.910876873160506
2, 4.779565820548356
3, 4.828864925627163
7, 7.945446229878869
6, 7.143467234255384
3, 4.196446899300291
6, 7.825562123144595
5, 7.341930943302933
5, 6.256893445466423
10, 11.383280556205388
5, 6.787092955528242
12, 11.411506504377451
4, 5.128011415367798
3, 4.631429840353327
8, 9.732568403886809
5, 6.321476502917929
11, 11.847366664387794
3, 6.294011230651631
10, 11.621885158864854
4, 6.205515755570822
10, 9.70609211454134
5, 7.983547114657724
9, 9.73163556815187
12, 10.538321191719216
4, 5.419064944504147
6, 7.664772008344691
9, 10.527531225862166
9, 9.370467671891996
2, 2.945223248801123
9, 10.42342353756233
4, 6.55195501394407
3, 4.0439146977297264
5, 7.556568324499673
6, 6.258905615774972
5, 8.133969319500354
6, 7.0462384820024235
2, 4.84323210515037
6, 6.675040709468782
4, 5.518514520377721
8, 9.270836828344715
4, 6.172449828309855
6, 7.589568848300705
10, 12.543194797557517
5, 8.198376007796616
2, 5.156101636847977
6, 6.78179690270633
7, 8.11614497776704
1, 3.0957468742134653
10, 10.068430333020572
5, 7.403462844669624
5, 7.613393126365342
3, 4.93430216810128
4, 6.590132509929955
8, 9.878683657245025
5, 7.4422503975128835
7, 7.904092447322901
9, 9.33041869041865
5, 5.5213490379124845
4, 5.441572276374857
5, 6.7777680106009575
8, 7.469866377676044
6, 6.211662795238119
6, 7.254370992710999
9, 8.342540635061068
9, 8.026317799150398
9, 10.145328754525623
16, 15.942390695981944
9, 8.994712718572137
3, 4.7300737230306575
7, 7.856524344675789
5, 8.555885300595845
7, 8.680667227291403
6, 7.316280993710046
5, 6.298811741279508
9, 10.007132239965436
5, 6.845630008339835
8, 9.559118422486549
6, 6.520093439620866
2, 3.95774106249121
5, 6.0089298476072655
7, 7.322709765080406
6, 9.800914926958876
8, 7.1027834538066354
10, 9.604148222328536
9, 9.939463208450645
8, 8.40889788506339
9, 8.945099910961353
7, 8.425317465163737
9, 7.78202600505499
3, 5.495865426208609
6, 7.414399806392714
10, 9.702365317024954
7, 7.219515177951671
4, 6.597720584847946
5, 6.719492118748404
1, 3.922018814927751
6, 6.623947233226561
4, 4.561724187184463
5, 7.314206931731223
13, 12.650558917232338
8, 9.186369240603279
4, 6.832543845531235
6, 6.2552460763591755
8, 7.171052941406951
4, 4.369791811132535
9, 9.8053333393514
6, 6.108533715214409
10, 8.145362646774252
6, 8.825184531692983
14, 13.102885837144385
7, 7.746052755497787
1, 6.059589190143002
4, 7.319828612543875
4, 7.6117154147552455
3, 4.685262169593204
6, 6.772138011959415
3, 4.024264226250315
4, 7.638319066514709
4, 6.601144262634769
4, 5.263384074448294
1, 4.519413165564857
3, 5.505575423033721
2, 5.303923678607924
6, 6.754546269592951
6, 6.975624735912844
4, 5.094444854189691
2, 3.3522328953362166
10, 9.992101147536154
7, 8.380864822908016
9, 10.897492325387212
6, 5.950070618297292
5, 7.225221067205535
6, 6.0733235901681475
5, 6.817483473957248
5, 5.990313447732262
7, 8.020501361525344
2, 5.92216100364532
9, 10.250790241948032
4, 6.576722371128925
5, 5.807520255812271
9, 8.438397349749678
4, 5.943790831350282
4, 4.588174676962932
1, 3.9652403674644723
6, 6.929733106009448
2, 3.303692221645217
6, 5.685711703038708
4, 5.2012824281650465
7, 10.401878055338747
5, 4.835427814820158
10, 12.688444500763826
4, 6.686566310177296
5, 6.09186980202509
9, 10.437924958682785
4, 6.158389470177172
8, 9.72492426621326
3, 5.506056576377736
5, 7.9440129841616764
6, 8.384024488844913
4, 5.244698645965861
7, 7.669866088294184
6, 7.571544892388435
8, 8.038823581365474
10, 10.946349809634357
5, 6.987584575282186
2, 4.583681732082124
7, 7.037734307887748
3, 6.03405757655429
7, 8.248850939248765
6, 8.058766756218091
3, 5.566194315254577
3, 4.864681737677812
2, 3.318399054774915
6, 6.39855994624536
9, 9.243949364624411
5, 5.347530137480228
5, 7.670880620824321
2, 4.112547420021919
7, 8.468676763443337
7, 8.14460001008956
8, 11.245370158721428
1, 3.5709329357737167
8, 10.882260248794577
9, 10.491667538509875
8, 7.680339610152517
6, 8.262267231914137
8, 8.971213526144023
5, 6.098542237900467
4, 6.580598769151026
6, 9.442053900726734
10, 10.016306982805958
4, 6.009477552159332
8, 9.749600479193038
7, 6.763314338374781
6, 8.162294253868316
11, 10.837366781791857
3, 3.9521283444205153
7, 8.124510079055762
6, 6.891842685419446
3, 5.522198925556883
5, 8.350989885958601
10, 10.535059643014497
8, 8.608909197177404
7, 7.676742413690733
7, 8.039219214154786
5, 6.287844889235657
7, 10.393913424719624
7, 8.29186532464833
4, 4.839828995199954
7, 7.356815269834463
5, 5.266853449022413
5, 4.711459662235924
6, 7.257588578834472
7, 7.7904003783680205
4, 5.551692764421054
3, 5.8701316164603305
10, 9.052941804587217
10, 10.864708846121351
5, 7.023927096628482
2, 4.8349274820669494
7, 6.7856765948671764
9, 9.928151790601506
8, 7.400358767770134
8, 10.919597253898884
4, 6.8317162180867985
9, 9.907614480266837
10, 11.781269213605151
4, 5.686922676614105
4, 5.620479460131391
11, 10.122150586066697
5, 7.008792475378477
2, 7.092626738692322
4, 5.586562822917254
5, 5.99611821373352
1, 3.7874216768124134
8, 9.354912255906214
6, 6.847261196617195
4, 5.637875220751561
9, 8.504409189715352
9, 8.111505440848855
6, 7.331874292681189
10, 8.765553814442805
6, 6.931601182687672
3, 4.722982317965106
7, 8.574680019261397
5, 7.273352003437969
3, 5.928530547070243
6, 6.421166741469794
11, 12.354513897453895
3, 4.833251300144986
5, 6.784907765186872
5, 5.932968814640553
11, 12.867331275686855
4, 6.9383862699430425
3, 4.422016618789949
7, 7.383843409398259
8, 9.540899294304797
5, 6.992462184263446
3, 3.961833840235411
7, 9.464409371362066
12, 11.455413065243766
3, 5.401665305866598
10, 9.526395466877059
7, 7.886675450244711
11, 10.625448829559938
7, 8.377297268678014
7, 7.027954506557687
5, 7.306737670671718
5, 6.5180840945226635
3, 4.890313364353868
10, 9.887285607506655
6, 7.078033249845629
7, 7.837867900150334
5, 6.206989048119672
5, 6.446789834812621
7, 7.9814110099323194
6, 8.395498794503286
9, 8.178131748729578
3, 3.7595242344148048
3, 5.626508384200835
4, 5.331384513656816
2, 4.68070967286399
6, 6.481483874097697
8, 9.485893355050663
6, 6.4663488767640835
9, 9.033679602445995
5, 6.182081462441671
3, 4.173550866212197
7, 8.50144818347341
4, 8.388363372365331
7, 7.445342023672813
8, 8.28443910867475
8, 8.610756812547809
3, 4.909899675799345
6, 9.073176259697211
6, 7.009832695031186
5, 6.167367785334002
8, 11.269526062655716
8, 10.056721421695997
5, 9.32394210313247
8, 8.294706767570652
6, 7.975775050424425
4, 7.163356947777602
6, 6.429325605591867
8, 7.5312980916933
2, 4.560051313932791
8, 9.342319907512232
5, 6.8949756174377566
7, 6.593582507869174
10, 11.375257678193952
4, 6.084940667284242
6, 6.8963679369083275
5, 6.158818309368754
9, 9.030473548733733
7, 8.118925757868206
8, 8.788079209143758
3, 3.819319270571502
1, 4.50454493643791
3, 5.261829303196525
6, 9.185904479201646
4, 5.863658945921768
2, 6.399742439155192
10, 10.723109202724382
5, 6.8749265206181285
9, 9.161125929427827
5, 6.327032392177942
5, 7.371743188889625
8, 10.448139121412275
7, 9.437002638357502
6, 7.853295043422797
11, 13.147232837203294
7, 7.252397477316259
3, 3.2351297603526126
6, 7.42581994586857
4, 8.060059035361213
11, 11.288873715915232
4, 6.926378013621158
3, 5.975071692871331
7, 7.507657210402937
10, 9.300237291109358
7, 8.576115798104764
5, 8.02261465409516
8, 7.403033453734908
12, 10.827612584324546
5, 7.490086706764096
4, 6.396191519417982
7, 7.19508478363284
7, 8.1646787058904
5, 7.580478642842686
5, 5.9619161261989015
3, 5.5753410012034985
5, 7.340452947488024
5, 8.374475736412528
4, 4.979964397387627
8, 9.403022161406705
5, 6.183200485215957
9, 9.783439968784675
10, 9.653890082686814
3, 4.982396126515448
5, 6.936520012859382
4, 4.051952858356729
9, 8.858196366297486
4, 7.265256317362767
5, 5.52302199172773
2, 5.121890903241679
6, 5.553589868479173
8, 9.497993005233226
5, 6.090065113946484
5, 7.001247143487801
10, 8.912870629446246
7, 9.457577127601422
7, 7.152919528346524
5, 7.735488929130567
11, 12.33486888426916
3, 3.6654899893367427
9, 9.958910852299274
3, 4.50020208633811
4, 5.074098859602895
3, 4.146648874347645
3, 6.206781712395421
4, 6.208568976154866
17, 12.600643070617364
11, 11.630827430048805
7, 8.102290307057125
5, 6.799455187898526
6, 6.475295046385212
10, 9.954290445589319
2, 3.091389560693924
6, 7.0322435598017865
6, 7.827573147030021
6, 6.021079923747779
6, 10.075823821165072
5, 7.16764478184317
1, 7.418504325438227
1, 5.680386413238216
7, 8.750589852847373
8, 8.884122737974364
6, 8.223757488658471
11, 11.740926266787396
3, 3.6955394705052873
6, 9.841606196285333
5, 5.498906611016124
4, 5.288582109642664
8, 8.184838152949704
5, 7.011474551237622
3, 3.2693424192201044
4, 6.285280021785558
12, 11.434035726038518
5, 6.713315724005526
6, 7.062755446207008
5, 6.471427991897
7, 7.613005486411314
7, 7.384149211168073
4, 6.478934972386188
4, 5.384905616697049
2, 4.409090799999718
10, 8.505721808516515
6, 7.060807199073335
6, 6.230247324355082
6, 8.417773371667325
5, 6.304702336347511
4, 5.508882512738276
5, 7.832200471156005
5, 6.847463952201332
5, 7.859084050234783
7, 9.835773150973296
8, 8.35539365185627
4, 6.205822310867861
8, 8.077638244115454
2, 4.672039304537512
9, 9.942785301491556
8, 8.40590331916347
7, 7.6617372772412935
5, 8.39028487369025
10, 10.2740676510384
8, 7.3350106760896585
6, 8.273546513780476
5, 7.3929675712980805
4, 5.837137754074882
7, 8.12383494771578
8, 9.44272640864876
4, 7.216960289112756
4, 6.709978551273001
4, 5.663394884375561
7, 8.995887299044776
8, 8.654052647985973
2, 4.531714585702129
7, 7.881904947081892
7, 8.65227235329081
2, 5.718550697657778
8, 8.706111887463395
4, 5.541039574493896
8, 7.7278880644624435
5, 5.4618883324945084
7, 8.021062534975886
7, 7.07905480292337
7, 7.287702898082147
4, 6.967944929880958
9, 10.855570147888784
6, 9.337839585722575
5, 6.938902682360014
9, 7.695091373788488
9, 9.097486436634426
12, 13.107206632981256
8, 7.743118011126928
4, 5.414975902848789
8, 7.405688332776906
6, 6.42652619658841
5, 4.906653677524023
6, 7.608267102040259
4, 7.197477868196612
9, 11.524137399488296
9, 10.69607096349065
7, 10.142789975688546
1, 4.057024938001035
6, 7.976252860897158
4, 7.2295220744654785
8, 7.545405554326485
3, 4.761390147908462
7, 7.45715525993524
6, 8.647825640168104
6, 8.666731096141445
2, 4.80995320995498
6, 7.9227905625687205
4, 6.62685191871464
6, 6.766431314472811
7, 9.366151762517854
5, 6.764819240745544
3, 5.17617186272752
6, 8.430252576593123
8, 7.858893514993411
6, 6.591586380939392
7, 9.869817207948799
4, 6.565862463289162
2, 4.663125030588166
6, 9.04373033287894
10, 13.279994700404021
6, 7.944164211675332
3, 6.389887990740515
9, 9.051941806903386
5, 6.214699535511905
7, 9.33243743637008
3, 5.184127135907098
5, 4.794151068357653
9, 9.508828891712177
6, 6.395397602765593
5, 5.735564190275313
7, 8.854467930255069
3, 5.698454177728587
9, 11.272993902586428
7, 8.938199206418343
6, 8.003825156491002
9, 9.40790459884605
6, 7.056220347519209
8, 8.552152127614418
9, 9.596255686937244
6, 5.9274363988631125
5, 7.154805544717912
4, 5.720227036448518
7, 8.500137362585685
3, 6.35214077158481
7, 6.706285458295063
5, 5.731244544867218
5, 6.7177322882035755
9, 7.866609064763899
4, 5.043190518492016
5, 5.507450389293948
6, 7.9824186408636075
11, 9.74995881959881
6, 6.180757418713247
6, 7.146261941279269
9, 8.712371096974058
8, 9.122236994168082
3, 5.759203996094606
4, 5.847558437429513
4, 4.796153860724157
4, 6.088622681684652
5, 6.015401767477123
6, 8.824508793196717
5, 6.088661907817114
3, 7.141268624083864
9, 10.01693694489342
9, 9.762065445406618
6, 8.16038077710774
5, 7.96306053312244
8, 8.86601834381076
9, 10.40066815352591
4, 6.655660515077509
5, 6.0435723077701615
6, 8.32076692191921
2, 2.911836932967669
9, 10.272620234205673
6, 9.237666349561188
4, 6.531459003210388
7, 8.64427807169317
3, 6.493005482007687
3, 4.92499430523576
11, 10.975892767149348
4, 5.8409761418531785
7, 7.600746513646012
12, 9.207502009218814
8, 7.042821800727812
5, 6.668905605653757
5, 6.8385790089402905
8, 9.161712311349945
8, 9.53879468387098
6, 6.822334583180405
2, 2.438130890256933
9, 9.969140165680937
5, 7.016259806756587
5, 5.931174232642885
6, 7.052167251908691
4, 7.993192801279284
7, 9.617699009026522
6, 6.923788928824478
11, 11.573341290957401
2, 4.859754988447024
6, 7.077220692738088
8, 8.33499826405981
6, 7.036897206822422
6, 7.007779185411757
3, 5.1890032172550455
4, 7.223143123356631
4, 5.4060244718922466
3, 7.72162532381167
1, 3.726139704762015
11, 9.479653652546327
2, 3.21356042173695
1, 4.964652179604899
5, 6.815446615655872
4, 6.17677524111929
6, 6.7188164112935835
9, 8.05987570611249
5, 5.758741885711996
5, 8.106137799667945
5, 6.8478377053173825
8, 7.576101784991564
10, 8.969290650922332
6, 8.029575204459691
1, 3.1791743320618364
7, 8.21750595830748
7, 9.929225783929267
7, 7.299526917329445
4, 4.864154391173343
3, 4.561326693551772
11, 11.115336266517879
7, 8.999487619432195
6, 6.743766926107687
10, 11.177377101774875
7, 7.944905734370666
8, 9.698951280110498
8, 7.52263379200785
8, 7.871835277648216
9, 9.381711104517189
12, 9.721289886549517
9, 12.345893276916067
7, 10.747845785905328
7, 6.972735150688325
6, 6.871321059409161
7, 10.546049746259243
5, 6.247039360525455
11, 11.69633917468465
6, 9.120113123960053
5, 7.598785557331347
7, 7.798088286588063
5, 6.263450808505853
3, 4.142287160845042
7, 8.543246982256171
4, 6.494982899943125
2, 4.294993326696705
6, 6.749485577366947
8, 9.932986595526115
6, 8.371171597358273
6, 8.673106881037159
4, 6.242750581408122
4, 4.897674717110214
8, 7.240002295288051
9, 11.225453473711665
3, 4.650106966068947
8, 8.977226651540219
8, 8.909066249014732
3, 4.930806407687932
3, 4.485860608620235
5, 5.562031278646937
4, 5.5153603763641454
4, 5.794568435175101
8, 9.13003031928989
1, 3.5963957486329625
6, 6.354786583506735
6, 9.522558828216534
3, 5.590645280344758
8, 8.935060443251325
6, 6.372255251263552
4, 7.109006995845104
3, 4.517912405424525
7, 7.66422981341772
4, 8.16134353962137
5, 7.085071155738074
1, 2.918441852304188
3, 3.8391016147109185
4, 6.01526959577061
8, 8.917052933396079
6, 7.091039982921486
6, 7.053447957098882
6, 7.220275313039626
6, 6.408201531676382
4, 6.300098990792587
7, 8.672601766029445
4, 6.225496310870097
4, 5.510435838117893
3, 4.7545200260672384
5, 6.269448008159819
2, 4.450611280623765
7, 9.06706696844618
2, 4.388747630339207
9, 8.096678718211619
6, 7.983212425434426
6, 6.991814060187195
8, 9.697602421383658
9, 8.230903976192254
6, 5.457542183867637
5, 5.756455981161217
6, 7.005005654630369
9, 8.199993967675832
4, 6.572541920539567
5, 6.969570271558981
7, 7.773242006621025
6, 8.664138713984824
7, 7.133169679949395
4, 7.200096010159921
8, 8.184962754784948
10, 10.300456282066744
7, 7.370512584559048
4, 4.590400797111026
10, 9.926597538786641
4, 4.527168760191298
3, 4.402700078513277
7, 7.673777864206978
8, 7.7390126688442145
3, 6.736433626633935
10, 8.331975723703216
3, 4.781950224474973
5, 5.707595965458406
5, 6.310275705568978
7, 8.282959093849245
5, 6.09183345689435
4, 6.189588464757077
6, 7.015884227379247
4, 7.595418114184314
8, 9.605710179191124
7, 8.013481006264158
8, 8.233284536270741
7, 8.191287794400568
1, 5.054391854903469
4, 6.279481818002505
6, 6.043672108351043
2, 3.3839311733993394
6, 6.5150154364139015
8, 8.473269348090763
6, 6.579570740414065
5, 6.949410936540023
4, 5.5453380290010035
4, 5.053778232757827
10, 9.662392976177953
6, 8.569392798287433
6, 6.448975178296365
6, 7.5971973456651805
7, 7.639586529923831
5, 5.202330344702579
5, 7.144087471305885
5, 5.400858217229584
6, 8.276847079030182
2, 5.501349690687503
4, 6.432500779845289
4, 6.5242910634126945
11, 11.749647521389697
5, 7.373211105048527
6, 6.441504745851757
8, 9.422212264466205
5, 8.220388488042369
6, 8.137048651424903
6, 8.20363627124696
4, 5.955867779801078
4, 6.27543273118212
3, 5.5464406152910195
9, 9.91327794748166
9, 9.247504471420148
7, 7.6218078523106465
2, 5.059967941212647
5, 7.509924261619515
7, 7.8846923924344345
7, 8.6706098741893
8, 8.070652101608335
8, 10.540273755864442
4, 7.288215515943023
5, 5.815571650012312
7, 7.549149186776307
4, 5.391257260934627
4, 7.072195109214034
6, 8.065112215275853
8, 9.045547567983505
8, 9.477955222970207
6, 6.975244935647055
10, 10.331917459835527
6, 8.126408649191518
5, 5.339743390055339
7, 7.22085254412786
7, 6.648872742333378
3, 6.277421375777845
6, 6.890619883899544
5, 5.6634525215549525
5, 8.262682734217439
6, 8.784388601737037
8, 10.64322693670083
7, 9.575875196708367
9, 10.625499193409299
3, 6.0858260863696545
3, 5.458408129098416
5, 6.2335659772137415
5, 6.462730814377961
12, 9.339159405464146
7, 10.149442471930183
9, 10.596759179244678
4, 6.219802583585042
8, 10.553598753749439
4, 5.782878773444031
13, 11.519326089938108
3, 6.720131427597545
2, 4.915086626931865
6, 8.303137286703722
3, 6.065862767366278
3, 4.620347397940692
6, 7.755374100016877
6, 6.927009158327628
11, 10.852290336680946
13, 11.506283341782193
4, 5.41397951170493
8, 8.26986250814433
6, 7.1812155425787765
6, 8.253503421589174
4, 5.1979526997562076
12, 9.529833095941758
5, 6.605872841149892
5, 6.382434885906196
6, 6.454121512408428
5, 6.6153959397304485
6, 6.583419779212109
3, 4.989433392096959
7, 8.043859025159476
6, 5.082391105721421
3, 5.703081292614891
6, 7.85647237350469
6, 8.407628680221917
8, 9.971698121503579
3, 4.944292683423036
2, 5.3561384247185675
12, 11.753260636633364
4, 5.054370532007756
9, 9.4690386797111
2, 3.4959931913797067
9, 9.443983397906594
6, 9.170009059803522
5, 5.981825020302927
1, 4.4689997909030605
7, 9.05296344203583
10, 10.923859900862231
5, 6.875766993518026
3, 5.62925205263128
5, 5.455228237389787
4, 7.203931143815613
6, 9.32110486855203
2, 4.182379714645529
6, 6.679442670419583
7, 7.782862761000746
2, 3.534556508871146
9, 9.112623841505874
5, 6.913889535576248
7, 8.957885396352866
4, 6.217675967792376
4, 5.736216618926798
2, 4.9956369015825715
4, 6.926207376175435
6, 6.894834782952731
5, 5.394746700654558
6, 6.289176523653066
6, 7.766110737740541
3, 4.277432682430262
5, 6.3321564167824045
4, 5.323042976901447
7, 8.338956916296853
3, 5.558126740894631
5, 6.880387581433237
4, 6.255662033376984
8, 10.403806054889829
5, 7.446289878690986
7, 8.89900167738792
9, 11.690822780140726
7, 9.538652826677822
3, 4.725955751496428
4, 5.166385617391902
6, 7.336117312192014
7, 7.232210662385376
8, 9.54074932360425
2, 4.378673443332542
3, 6.252282421327443
5, 7.788134694287503
1, 3.9861101710648614
7, 8.543795127509323
11, 10.40043684650572
8, 9.230792548213335
5, 5.905649236882588
6, 8.772323586640319
4, 5.073070460270325
3, 5.755309184534568
10, 10.337729080854912
9, 11.080509817488094
3, 4.148767180686472
4, 6.719396429621494
5, 4.878094439692225
2, 3.4527082842639474
0, 3.9966968749647185
6, 6.073556575347456
8, 9.209981509385068
8, 8.171223203112621
3, 4.193089002832501
4, 7.261738000008125
5, 7.35064733624149
9, 9.483516633013565
3, 5.449246161074579
8, 7.950024437284007
7, 6.936112929693907
6, 8.459827827677136
12, 10.911437178445533
3, 5.967080187652203
8, 8.859474425762526
10, 11.684609045208093
6, 6.872730102939613
5, 5.114710506151535
6, 8.296623891414429
11, 11.087940468954814
4, 5.378530119365739
0, 3.34275705891167
7, 7.165537475594419
6, 8.775594817601213
9, 7.983429766504212
4, 5.1584800409837435
2, 4.614527920103088
10, 10.124484396471265
8, 9.076474213794313
7, 8.44919634949383
10, 10.023640140789704
3, 4.9090186567144265
3, 5.10257801005248
3, 4.66711418308656
5, 7.887071664552051
6, 7.6034040028810255
5, 7.570814540477453
3, 4.6318199586180375
12, 11.778621246181364
8, 8.817817102022781
7, 10.127172399202689
6, 7.286586610221163
5, 7.133523313265772
9, 9.505158148498042
10, 9.536266455428045
6, 9.019748331668925
7, 8.284328520499622
5, 6.711442555134276
5, 6.061021347315722
4, 6.826990837999656
5, 7.454697105602618
1, 4.57505517795449
7, 8.647185958217678
6, 7.4351566640569695
4, 6.169012913468818
4, 5.224698339839151
7, 7.921343971982504
10, 10.064325827156951
5, 6.586406992594645
3, 5.586820022489066
4, 7.781095185287277
6, 9.442390155147418
7, 6.508494554153142
5, 6.384791999755294
11, 12.341715193853215
2, 3.4241773910409297
7, 9.072111754746471
7, 9.473912989162166
5, 7.123110908597751
8, 10.00727290095996
7, 7.297735254324797
2, 3.5637515214328483
6, 6.9249465146414035
8, 9.853602763774868
4, 5.758631800740668
4, 6.471247617182188
4, 4.397643401501858
5, 3.9606958508302874
8, 9.78919950643337
1, 2.6045985000551943
7, 9.531266805800938
6, 6.327247745673717
5, 6.387730267836077
6, 5.119483984635479
3, 4.12637547161897
8, 7.583704973676388
3, 6.3786181636903585
2, 5.428291714019847
4, 5.404422267837736
3, 4.7964054187606875
3, 4.327675528215364
6, 7.380115857813632
3, 5.142655314442409
8, 8.65436899784855
8, 8.210975520975802
6, 7.328960313938269
6, 7.198629624336993
5, 5.723206793258082
9, 10.078904548000693
4, 6.401977020632373
3, 5.780187218608703
4, 6.616982200846225
8, 7.6339215004638525
4, 3.421554211414961
3, 4.829350625788272
3, 5.413487603942497
4, 6.303328911070434
11, 9.73991060893319
4, 5.993962079566978
8, 9.087150529720262
5, 6.14458785268967
7, 8.571863486494177
11, 11.458478038828456
4, 5.844870721868299
5, 7.371740865773806
3, 6.424698720794805
9, 8.284448330322668
7, 6.827990765416824
8, 9.047611803083988
2, 4.114896421894975
8, 8.129196234559936
8, 11.373387954516057
10, 10.820963044456704
4, 5.659355144187018
3, 5.806800918228721
5, 7.526409001256428
8, 10.424083736852458
10, 8.797824934517218
8, 9.796944832648132
8, 10.242194382849513
6, 6.782426923156022
4, 5.345219012598546
6, 6.475020332507232
6, 6.668216687070671
3, 4.606258755552908
5, 8.550003377684067
12, 11.748221776817942
3, 4.140360488565317
5, 6.49056559231642
5, 6.372186520162213
3, 5.053797699024003
4, 6.164242749660543
6, 8.095171796745348
5, 7.720282737144271
8, 8.472788957313442
3, 4.54996595552381
4, 6.865935935912236
6, 9.404461857863836
6, 6.962589488034876
5, 5.694615927547138
13, 12.13852613977613
4, 6.365706427952724
6, 5.00746976715001
9, 9.087537911110164
7, 8.843745252162082
6, 7.831763290736715
6, 8.368028654675554
4, 6.344738322173928
9, 9.025946812383046
7, 7.6737214929255035
6, 9.621381705878488
11, 10.700859736275344
6, 8.266804756267982
4, 6.704935802260157
5, 8.504098958686647
6, 6.272161957713702
5, 7.041938106713058
3, 4.191749304721816
6, 7.231214861482407
6, 6.876481699298122
5, 6.658232634977479
7, 7.5227792026259825
8, 11.742440225421948
7, 9.306924820680884
6, 10.027306657425006
5, 5.797957151225695
5, 5.596107761485189
6, 8.283065196350991
1, 3.417976050969302
5, 5.33553112297394
7, 8.934905353162225
10, 9.510875661277803
5, 6.256403488102129
6, 9.059087934537951
7, 7.710557715859348
11, 9.374406396064096
7, 7.147425872899081
7, 7.741684835635526
4, 4.737522530623646
7, 7.746759554097257
5, 8.499370837379887
3, 4.641826230741393
4, 6.370843482264735
4, 5.2276938874221965
6, 7.730129969559454
3, 6.168199971380906
4, 6.536857892316392
2, 4.343577551166896
7, 9.04336783371487
7, 6.573605844392313
4, 5.042138627218828
14, 13.217395268169781
3, 4.169832214771436
5, 6.073402062349462
7, 6.348759755202953
12, 12.414762702242006
2, 5.015983336199555
10, 9.520608486733856
5, 7.104035074267591
4, 5.734314804011454
5, 7.137717974485119
6, 8.20683847660041
8, 7.356255760430706
4, 7.849797797107147
2, 4.24570638440449
4, 4.952549258894322
5, 7.021598018924101
12, 10.859812669241466
3, 5.0030170552647855
8, 7.762792776922143
11, 11.092046812260275
6, 9.298458608316169
6, 8.269759649729707
4, 6.2655282705149835
5, 6.080007424345209
8, 8.335742109370608
6, 8.911060698345397
3, 5.698380465909197
12, 11.700748558644653
7, 8.77594731368398
5, 7.8195013144157715
11, 11.436747282853952
11, 10.73941929102482
9, 8.779676340721918
3, 4.805541783944932
3, 4.61260785297868
8, 8.575397922051044
8, 9.444569135920663
4, 6.947413609532934
1, 4.9825774558948
4, 5.512635529425242
8, 9.192645269900783
9, 9.315290138292513
1, 1.7446867656480645
6, 7.0856726734123034
6, 7.344659761816944
2, 3.5365473691552523
4, 6.37064188235571
5, 5.709377344247322
5, 6.550061811632254
8, 7.864617316447904
5, 7.9089189833077675
5, 8.227636883493238
4, 6.84257938203109
1, 4.548512805796899
6, 7.847679274578866
4, 4.904344160803415
7, 6.333789913380778
4, 5.556159262823859
8, 8.613458197699305
3, 5.1013630894870605
6, 5.860082800125541
6, 8.545559805759503
10, 9.699416849799281
7, 9.300348617640818
5, 6.850031990087658
5, 6.990223994236405
8, 9.090276910780185
2, 4.785001334161149
7, 8.653474935414666
9, 10.464832119632053
9, 8.580956520791615
6, 8.691019060634043
9, 10.50006768490396
4, 7.005856545380092
4, 5.344057693018873
6, 8.49050890196769
8, 7.527034036904564
5, 5.180742106171568
3, 4.375202160775843
7, 8.012519982424303
5, 6.5778455501383934
8, 7.578329857783336
4, 6.186392690881281
9, 10.50842257151471
5, 7.190114118917112
6, 5.906394402786807
7, 7.519493553311081
10, 9.693842460289924
6, 7.074027640765755
8, 10.223824422759131
9, 11.69790640217077
5, 6.089652911431656
5, 4.845578144294375
6, 8.812017133357804
6, 8.077556459352646
3, 4.726582244403259
5, 5.8512033327413775
6, 7.453147004074552
3, 3.3414540675333346
2, 2.781946685335837
6, 7.5148705650651255
6, 7.015940989462524
3, 6.206752932461013
7, 7.4988990384369885
6, 7.058748646108962
1, 4.311288727144334
2, 3.278025827364179
2, 3.6893848853602833
4, 5.9669013743678585
7, 8.400370063976276
3, 5.559239232323158
8, 8.941656534375205
6, 5.582592202949347
7, 7.221953156093053
11, 12.313167130059592
3, 6.061596426693923
6, 7.2415067312659085
4, 6.415956850025841
12, 12.925889885303139
10, 11.048637483776913
8, 8.468293424538471
7, 6.842194068773132
7, 8.60464473589188
4, 4.87383191105015
5, 8.123790669270038
9, 7.814036245862391
9, 8.96393332546459
6, 8.027332636942152
4, 6.6988566826087945
5, 5.632196786324021
5, 7.496203127013856
7, 8.295851808435755
9, 8.657183351908044
4, 6.0367924962956465
5, 7.650396063622242
5, 7.496436861679061
7, 8.385427670883725
10, 10.51429871975932
5, 6.349430450036449
7, 8.749345149683974
9, 9.33643540309695
7, 8.36189657673271
10, 11.348025957056423
6, 11.219114626574878
7, 7.758490332677012
9, 9.881454207463948
7, 7.115635706444917
4, 4.3454203260254936
3, 5.023957340342329
1, 3.4912460774022795
5, 6.078641552606854
6, 9.151724645227306
2, 5.102584465008367
6, 8.469477641150403
4, 6.658884290490476
4, 8.079070682905634
6, 7.39345107259299
12, 12.894262460657691
10, 10.887955987428736
8, 9.552386650981427
6, 6.315050050379164
4, 6.803477058521576
5, 7.671887951812779
5, 6.419275400865049
5, 6.087177004752838
3, 5.404125015441685
4, 6.083194878380313
7, 6.141512787650498
6, 5.246704390547365
9, 8.133495463186065
2, 4.0753902259951795
4, 5.72542012766559
10, 10.664501381382735
6, 6.773194159719922
5, 6.946631507780519
7, 9.6692894765018
2, 5.912816373943564
5, 7.613097237256931
11, 10.531753607723456
4, 7.163298850611799
8, 7.96341960280686
10, 12.80780208816712
7, 6.512186007891151
5, 8.159773732351649
6, 7.656324931635576
3, 5.271011029078202
3, 5.0424574707758945
7, 8.021788783007793
6, 6.556483104978736
6, 7.799503811179805
5, 7.248688812353204
6, 6.284301635002941
6, 7.271303691156952
5, 6.935232189351406
8, 8.785187875514014
4, 4.270069233615904
7, 7.884963416842223
5, 8.463350643803178
4, 3.2967120865872936
5, 7.202412116199838
4, 6.249120620368559
3, 4.944549183468346
7, 10.088430354505217
3, 3.542428588654917
8, 8.640826371159992
4, 6.8795124385843645
8, 6.995291117648339
5, 5.082281076405265
4, 5.941198397300937
7, 7.360572001140262
7, 7.988793391993134
6, 6.962514006870595
5, 5.087478179034398
7, 8.473833872022885
1, 3.047567315719451
4, 5.811784714079297
4, 7.059122673149491
7, 7.802689018189058
3, 5.590492697429076
6, 5.911273338756058
9, 8.368030957049136
8, 9.647529722842929
9, 7.916967755928526
3, 6.084241499239096
6, 5.082176819989348
5, 6.609937214652045
5, 6.591016942445695
3, 5.285316181931747
3, 4.987000863925049
3, 4.43329709841685
2, 4.248577305466152
6, 9.410304850115295
7, 7.5797918011331795
6, 7.612991604277702
9, 9.926696602468558
12, 12.22940931776092
7, 8.148771682872212
3, 5.394376359002806
6, 6.322727164337056
5, 6.716023058282633
7, 8.806287773692887
3, 4.063295442312387
7, 7.001378832292474
4, 6.742546209583999
5, 6.5201658073807005
4, 6.001345910683936
5, 6.906304458122105
8, 9.455838194093605
4, 6.817347828469791
6, 7.693652305131811
6, 6.919197517650379
5, 5.718104614513597
5, 7.316436275331874
4, 5.667656295942184
2, 4.310050919004559
8, 8.558546598507348
4, 4.5216527253802195
2, 6.009925537364716
5, 8.035764435667295
4, 5.053666597680668
9, 8.466684906625652
8, 9.551468027007655
6, 7.293863617402164
7, 7.474514890815619
1, 4.316667767802209
5, 6.702931271468079
3, 6.911971909005343
5, 6.756345232481496
8, 11.167346642698124
6, 5.7245148958687
4, 5.656051944078063
3, 5.276280546391585
8, 7.499210220968491
14, 12.251027405656517
6, 6.666597108528327
5, 6.271493717803837
2, 4.199124796861033
7, 9.48459388822967
5, 6.754496556000958
4, 7.49222287205289
7, 9.427813780551066
6, 6.952960940203522
12, 11.059366277979104
6, 9.40034565422171
7, 8.663486138471185
7, 7.995481353327844
6, 7.082797030755299
4, 5.182458448580243
7, 8.288363819320635
4, 6.368018337954598
3, 6.591315728580048
4, 6.233212625323025
5, 5.827043064723122
7, 8.420618306410281
5, 5.981603431296534
5, 6.661539912515026
8, 8.192309687699378
9, 9.796158394367131
7, 8.273966533200776
8, 8.327437762682603
3, 6.4229636930299385
6, 6.892776560169065
8, 7.035216594617188
9, 9.57240921979079
4, 5.245299410006334
5, 6.203205810645485
9, 9.181518233659146
9, 8.606402816793418
6, 6.985882646564317
5, 8.871610267178589
9, 10.196813397267595
11, 9.648731332705387
8, 8.423980209950097
4, 6.919758352566881
5, 6.767639076018579
4, 3.5315425685394635
11, 11.455488487645363
10, 11.522350263869773
3, 5.233444708340046
7, 7.837087819952274
7, 7.046601785350374
3, 5.23530718482624
7, 7.414128551184825
9, 9.390670702586077
8, 8.370708729715622
8, 9.755024601370955
6, 7.53681700258682
5, 6.5721544612903156
8, 9.187951319526402
7, 7.18668038998867
2, 3.8525860769387212
6, 6.561242939532731
7, 9.402018696056729
2, 5.393182276747398
7, 6.942394367023276
7, 7.611082533440819
4, 6.738900029503041
8, 8.111849343789663
6, 8.527860875138227
11, 10.613829861150062
8, 7.710543652611995
7, 7.96297898312461
4, 5.150897777090497
9, 7.720968838416196
5, 7.21561965836846
8, 8.827708031576298
8, 9.492176280391453
4, 6.415529340142556
3, 4.046048039439049
2, 3.0584074065159483
7, 8.049986282660848
9, 10.21996367491927
7, 10.922236585207381
5, 7.550081284401033
6, 7.563845778854657
2, 4.100117757373598
6, 7.4834628306539654
7, 8.576585052119837
7, 8.267982055555402
4, 5.767243453645624
9, 8.450051385216659
7, 7.1337842722534175
2, 6.669044626751109
6, 7.663963963946273
5, 6.924691227897828
5, 7.815468504981961
6, 7.948431233889614
10, 10.041407308103125
7, 8.24112317035933
4, 4.904596537372104
4, 4.670917079537763
4, 6.652788777755775
9, 9.2885724916694
5, 6.506349330033109
4, 5.2233804810382995
7, 7.608017032296619
12, 10.740217321352434
9, 8.827658022698179
4, 5.018090505084362
8, 7.3867588946574925
6, 6.193816835210497
4, 5.798962120369858
5, 5.496371315329891
5, 7.02163624306669
6, 6.830358878333709
4, 6.942285000471995
8, 9.651690686795805
4, 6.211932299805595
6, 6.989227209886131
7, 8.31871258896152
8, 8.99221377934247
2, 5.2381842390407005
5, 7.609076429883692
6, 7.314831575503481
4, 7.288102174427898
5, 7.452741559722241
6, 7.3124511339174285
2, 5.7164919880665375
4, 6.880573677375345
7, 10.425789123358237
5, 6.066744371259855
5, 6.149517326649817
5, 6.967359341493006
10, 8.81441490271762
3, 6.9999420698477675
4, 5.003917745086849
5, 8.034334140136187
3, 6.179363850487424
5, 6.0548496790992825
8, 9.248354965250066
7, 7.45938259570325
6, 6.660842181340519
6, 8.13878325265544
6, 8.923830961814746
8, 9.310705120163709
6, 6.447253072993377
8, 9.615165714637037
1, 4.50588234396471
3, 5.7261002252118764
5, 6.4120008128484995
1, 4.952693791124565
7, 7.038086249657813
4, 5.409076843414722
7, 7.914007586026946
6, 7.0258328358381394
9, 7.662348176639104
6, 8.846296805452468
10, 8.241111683904593
3, 6.562271261392174
6, 6.498506437421834
5, 5.638469838617502
8, 9.503008015890218
1, 4.90913420154652
6, 8.388485366691766
9, 10.089387191205443
3, 4.627579661110519
4, 7.554648683407448
7, 9.717000148997009
4, 7.629021899759495
5, 5.97460105684534
5, 6.877144856545603
7, 6.486435514389391
4, 6.300969000215459
3, 5.484443790722538
6, 7.320325789566098
3, 5.082535039678715
5, 6.483447515637454
7, 7.863551192083368
9, 8.074634674771696
8, 10.139575953011628
6, 7.222563830394893
2, 4.896652318282939
4, 7.382600877774009
9, 7.990076105520298
8, 9.888641437340036
7, 9.337752713259734
7, 6.938025209648535
5, 7.041125759231967
3, 5.805297730602347
6, 7.138791777014717
4, 6.43183802046646
5, 6.653572918776917
6, 7.1944213682002705
9, 7.801743612786926
9, 9.481542100550167
8, 8.599665232077141
4, 6.698101552120972
6, 6.19435554337332
9, 10.62387231929146
6, 6.893981599218539
8, 10.614559744271025
5, 6.615717533205655
5, 4.849699430121444
10, 10.572294554214139
9, 10.31853978586983
3, 5.6943634375676035
6, 7.3213735906164805
9, 11.133877847394695
6, 6.6914850069945295
3, 5.905693689778196
6, 6.839948815010283
8, 7.801174148437048
7, 9.654007211105307
3, 4.832695343583978
7, 10.46581528898893
6, 6.753847739292706
6, 7.16929233351557
5, 6.7386150404959375
2, 3.8456144972201116
7, 7.4285598203118965
5, 6.073920142725171
8, 8.61867570191821
5, 5.045608168260389
3, 5.130858433562934
2, 6.962370225810924
5, 6.427046728133164
7, 8.046982121558562
1, 4.329018407657671
9, 10.06232153149309
3, 3.806964012680324
6, 8.442555556276947
6, 7.089640653789773
6, 7.45472448609775
6, 7.976920135706328
3, 5.684659053881876
2, 3.4697311416000143
8, 9.807923103628326
5, 6.698685189208922
8, 9.076064637624766
10, 11.478683353324273
5, 7.3820370801027995
3, 5.270992867366077
1, 4.659705214468
9, 7.8370714272384125
9, 9.460193375044692
7, 7.527968366694194
7, 8.01522864341916
4, 6.42945000646091
5, 5.7030439245989815
2, 5.489395245979335
8, 8.86972928149548
5, 8.951758737325662
5, 7.379876528883006
3, 6.543802738872521
9, 8.263347755537858
7, 6.44785565779966
1, 4.30589954258104
3, 6.906527078312569
4, 5.283491251812457
10, 11.490588673919268
6, 6.702603424822979
6, 6.09881913795592
3, 3.60577004348053
2, 4.139246115539132
10, 9.650908371232328
5, 6.439090561289335
1, 4.137278771011982
6, 6.292524685762523
10, 9.566672968742516
3, 5.100526840020487
8, 7.875524402141973
7, 7.1311870211307
6, 6.864044207938973
3, 3.803881282677755
2, 7.260273744731081
4, 6.454580404279618
8, 9.251665662318734
7, 7.461095413181092
1, 4.801594065935316
6, 5.1500055613157985
3, 4.961063736017735
9, 8.616867228975254
6, 6.954913268183695
8, 8.161898236948742
4, 4.412242747609386
7, 7.411518660473869
6, 7.5851413493179285
8, 6.8420656907153425
9, 10.19530126808312
9, 10.751871584632994
8, 9.603292597686925
8, 8.278949405435064
7, 8.154570748085064
5, 5.988475472545005
2, 5.249113473795692
8, 8.453915400617854
6, 7.708239522012464
5, 7.348279571776324
7, 8.000796460203613
7, 7.654370882617273
12, 11.705513962395779
2, 4.032965948587288
7, 8.855541466758575
4, 5.320684427436453
4, 5.7576673032167545
7, 9.995083208221809
6, 7.242271196380787
4, 6.101590332165106
6, 6.119351107299351
6, 7.620336948294458
6, 8.228197935892618
7, 8.856279079177465
8, 8.297547710895982
6, 6.234260689716757
8, 9.186243456924712
9, 11.003303663536887
4, 5.254114898620948
7, 7.713658100527957
3, 4.7426054903127834
3, 5.427135723135454
2, 3.832333589810965
6, 5.813926489448355
13, 13.3431247754559
7, 7.299077824634979
6, 6.861110192385888
3, 5.534883683891899
7, 7.3720593192281845
6, 7.151789670049221
6, 6.965983342212053
2, 4.454505824752544
7, 9.228955034736591
14, 13.41888408002417
4, 4.3198932922018995
7, 10.012845759185923
3, 6.506358739716902
3, 4.895045810087687
2, 4.919397607127718
7, 8.820986729274678
8, 12.791475841428278
4, 6.339127063762347
5, 6.4519199162108185
4, 7.059575979328607
8, 6.782248788088703
8, 8.036388608784028
5, 8.051230789058177
3, 6.4794394990046005
2, 4.048332658420561
7, 7.7025251971772635
10, 8.958364619507766
2, 5.011788114021882
6, 6.274037450618307
11, 9.671604811391715
3, 4.553996447830614
2, 4.64951577422165
12, 10.161750066789088
4, 6.8950136977120655
3, 6.465580657788682
5, 8.53320659103068
6, 6.496118088648951
6, 6.725784987483915
6, 8.488450246934573
15, 12.34607903272523
5, 7.364165194883873
5, 6.965124359848364
