Threshold, Curve
5, 5.2184559878712165
5, 4.658399902877376
3, 3.4588273928171547
5, 4.488825133052501
5, 4.624788902848678
2, 3.223573060952727
7, 6.924314528992991
4, 3.7260831459578143
4, 5.0033319245761625
0, 1.481665966201856
2, 2.2509319178964637
4, 3.188508477115344
1, 1.9837877654047005
4, 4.725763335353857
3, 4.000222147341033
2, 4.228675800079204
6, 4.899520552783661
6, 5.761139040885291
1, 2.4301571867012464
5, 4.444252814167345
2, 2.802840053348776
12, 9.3642092128526
3, 2.896121127705527
1, 2.8183154650083284
1, 1.8582044196081893
3, 2.996299661049724
5, 3.839955313551253
1, 2.550024788988985
4, 4.406506938436271
5, 5.230610604246296
4, 4.58107179559953
6, 5.666551765849435
4, 4.5481284145829495
9, 7.856556982351033
6, 5.494006851967734
7, 6.967343143513729
5, 5.179642197992852
2, 2.722528258601788
0, 0.8024060291994688
5, 4.419091037429067
4, 4.538785375331858
5, 4.973457672512505
1, 2.0272453062178113
3, 3.24975563446349
2, 2.1483323976222763
4, 3.6244970622787873
5, 4.530117993428608
3, 2.858700161191715
3, 2.8825645394188437
4, 4.213591472814916
1, 1.6797612413263097
2, 2.3356250074091607
3, 2.8099612190274503
7, 5.325193233716469
1, 2.2456663674908293
3, 2.9864235273785438
2, 2.114376081797149
2, 2.9676341220186027
8, 5.346799424697781
1, 2.2304301421071706
3, 3.3869907821336276
4, 3.9049893659905477
1, 1.9924498348600377
1, 1.5007668362841555
3, 2.8435627694982806
1, 1.3742595125067538
2, 3.2138960896067914
5, 4.508200254476332
4, 3.9913707437133317
2, 1.926420388804012
1, 2.019305221104945
5, 3.7526822959666344
2, 2.342146051670781
3, 3.7078119924109196
2, 3.117645881065711
2, 2.496018689446332
5, 3.8991385509778507
3, 3.2037106900094368
3, 2.4670029828577467
1, 1.061429423411911
2, 2.602733459958824
5, 3.7108333359062136
3, 3.439010034956972
8, 6.777497455520314
4, 3.1734878636693917
3, 2.9085647903354315
7, 5.78764559744632
5, 4.791015126768432
3, 2.495014057307133
4, 3.862224947885109
4, 3.0283256266775034
2, 1.6801740435307901
4, 3.6290089655986097
2, 2.1172009874573643
4, 4.111909578077766
0, 1.1450538552802376
5, 4.67665906608318
3, 2.5153803915606163
0, 0.3711628180466224
3, 3.7194612592014056
7, 5.302160527951227
2, 3.248295123080984
0, 0.592315643782394
3, 3.0714038135345008
2, 2.759920557421063
1, 1.9294370208064215
4, 3.200252344551844
4, 4.570831045442667
2, 2.488552929845763
4, 6.991015849834226
3, 5.1475826058932155
3, 2.87567730389305
5, 4.372347693771052
1, 1.7889288958406282
9, 6.855855792385608
5, 4.174615698333212
3, 3.8499721508241698
4, 3.253672132312419
1, 3.036012766385649
7, 7.466037112413734
6, 5.964885651750678
0, 0.8517157558231797
3, 3.3752057694106314
4, 3.82077054086079
4, 4.583064595681498
5, 4.9713550833949975
1, 1.8154619285258047
4, 4.093441724723145
1, 2.011005847636515
3, 3.7580167389221724
5, 3.997537143861801
8, 6.432857291950063
4, 3.614872743428601
4, 2.928143679191122
4, 3.376525981318928
5, 4.156476322900835
6, 5.329451288262405
6, 5.040869002399732
1, 1.5581175369786116
3, 1.9099158376072283
2, 1.5956000239272283
5, 4.127439593803985
2, 2.504745109151226
2, 2.7696032663451033
2, 3.537668280574961
1, 2.983866279222484
0, 1.1371455155239143
4, 3.3342515229636103
3, 2.842562039226279
6, 5.1569688100869335
4, 4.429534439461631
7, 5.852113060035737
3, 2.763992819493456
3, 3.431140928345404
3, 2.4489405023983974
4, 3.3469287399344423
3, 3.4704616323025346
2, 2.938252419534427
5, 4.868192644519127
3, 4.497370731964397
2, 2.2312509507413276
3, 3.981492425052936
3, 3.7377365092793404
3, 3.0161467218770865
1, 2.438884202762847
4, 4.461665578906188
5, 4.321146609715926
5, 4.3513905626508835
7, 5.702484405916499
5, 5.180722478752049
5, 4.437152058882618
7, 5.583368395791506
3, 3.718741420170666
2, 1.4281597048805175
8, 7.540983977109205
1, 1.870974781213576
2, 3.3346437848714623
0, 1.594131676098568
4, 3.8929867273233625
6, 5.4567674493880505
7, 4.817549363687638
3, 2.8503744046413106
6, 6.1102419334291325
3, 4.157240834603991
3, 2.7477661620799694
2, 2.5879950615073057
2, 3.132626341945302
3, 3.3844285594376733
3, 2.8318637861218825
4, 4.425866902368803
2, 2.5333930022890545
5, 4.821068047394938
4, 4.258019850425816
3, 3.7352076750830028
0, 1.9323095176359701
3, 4.913984884766939
4, 5.24117617968671
2, 4.464226565350546
4, 3.402248824052929
4, 4.464024344169111
3, 3.837985811606028
6, 6.515040599785093
3, 3.359674023174572
1, 1.8908806075179918
3, 2.7268633680135816
4, 3.828477755100959
3, 3.451961443175861
1, 2.3627901248382996
4, 5.150204240519261
4, 2.867747977956709
7, 6.721747810208451
3, 2.981400583609469
7, 4.638359853733051
2, 2.5473348488353804
2, 2.8135549068255945
1, 2.525518557888797
7, 5.74020246099974
6, 5.408211661434352
7, 6.251485134466152
0, 1.4629994705508294
4, 3.4934521575926385
3, 4.050647682069675
5, 4.429745369208201
4, 4.957065298624395
5, 4.734077390114464
6, 5.1380832279243736
0, 1.099613105427269
5, 5.71580909218733
4, 3.8261857918096274
3, 3.4443167249653586
3, 3.5114133137491534
1, 1.9087439715288057
5, 5.325656877013672
2, 2.7513327711481015
4, 4.586524011819654
3, 2.7823777761673285
3, 2.163229832833062
6, 5.259562342095763
4, 3.5673213440335165
6, 5.187779400287714
3, 2.6886925808155637
5, 4.907319508651345
3, 4.072051747972522
5, 4.147355630777909
5, 4.691661484286988
5, 5.377231639124525
3, 3.3482194305736535
2, 3.5225327344547503
7, 5.702212123319114
8, 5.668614427544092
5, 3.344760434137615
4, 4.345348717895235
7, 6.806282179906031
6, 5.172665279279813
4, 4.5531963561758015
5, 4.537555307395257
0, 0.9121643433300968
2, 3.1733748253955865
1, 1.6247152280319126
8, 5.863457491347644
4, 3.6756884943681443
5, 4.713266193982184
1, 1.5364882173770502
4, 3.699009824923936
2, 2.9310737490773473
3, 3.2758231326071137
4, 4.1985039231616925
6, 4.987403398048788
3, 2.6384171741293185
2, 2.110696614727434
5, 5.221657910936444
2, 3.490817420111852
2, 2.8512246774463508
5, 4.959462006205679
3, 3.752562920992981
3, 4.242900515997391
1, 3.587574650193168
4, 4.039716250589129
5, 4.7401005080226035
2, 2.703768428453943
5, 4.779259970765613
6, 6.763939383712865
8, 6.422909000861561
2, 3.0106891201909622
3, 3.291395654058626
3, 4.13771936436037
2, 2.612996146562015
4, 3.448435186389394
3, 3.7730347306522156
2, 1.5706004843343635
6, 5.4418723979259465
6, 4.92487024544507
2, 3.0443444439031175
2, 2.807047327917149
1, 1.7153139865202638
0, 2.403318152887566
5, 4.204809619637151
4, 3.4431880587514017
2, 2.7056911108370376
0, 2.1115910209868622
2, 2.2072119903741685
2, 4.284786563338999
5, 4.250998940477672
5, 4.4763271294593885
3, 3.7061405652004487
4, 4.095097745379349
5, 5.900343130951658
3, 3.150807737180656
3, 4.6634550575959395
1, 2.0715687914516203
4, 2.9511056623953067
4, 5.475789302189305
4, 4.692673313696211
4, 3.7049848630900453
3, 3.9638335423394584
2, 3.1238859906180596
4, 5.196843234444038
4, 3.9220658062218066
2, 2.729122103192652
3, 2.627931122272365
4, 4.102148936803246
2, 2.870481504873643
5, 5.437539009562875
5, 4.872458464439629
2, 2.342779381887991
6, 5.061470031164507
3, 2.425121632084503
5, 6.650671788125241
5, 3.9339506675545373
5, 5.338132429657725
4, 3.50117537994537
4, 3.5194732974721985
7, 5.109888949658803
3, 3.536146798496237
3, 3.071100196176866
2, 3.0660290317753955
3, 4.175828004675757
3, 3.5090409297747507
4, 4.152395727195238
2, 2.6708554238274687
2, 3.814078030967263
2, 2.0522597587240012
6, 5.466936720972761
5, 4.70954421570659
3, 4.088559014643297
3, 3.823797904892769
5, 4.40157512712605
3, 3.1595746176596067
3, 2.7917044067814083
3, 3.3936283628811004
3, 3.1087616087728116
1, 1.681076529475238
5, 3.3750311432494873
3, 4.391193693544104
5, 3.7896752358462984
2, 2.3787833718221423
1, 1.5716207386357297
0, 2.316457119570609
4, 3.494695394176292
6, 4.796567302587832
8, 7.52060469694132
2, 3.4044562113753822
9, 6.4598590563703695
4, 3.7365345812170494
4, 3.2653676435534105
1, 1.4189605239113876
0, 1.4696773967259888
7, 5.223633557656677
3, 3.713955399645264
1, 2.5998840652151856
1, 2.139329196572464
5, 4.331363652418912
4, 3.8969364728571376
7, 6.383459235167123
5, 4.112513627855548
5, 5.801802010293593
3, 3.9199198285419503
0, 2.3902610215774276
7, 4.923824949951492
2, 2.286178573517533
3, 2.982407209985874
3, 3.5740994223707254
5, 4.923215588074892
3, 2.66708344838508
7, 5.206945206325399
3, 2.4827795745120533
5, 4.283532223714728
2, 3.423199095617253
7, 5.586650096853788
2, 1.8969410852610467
3, 4.5433276868139885
4, 4.472243996621188
3, 4.090068588168861
4, 2.976347535110185
3, 3.240261127471732
4, 4.095785639288697
4, 5.093123366670666
4, 4.870196603089863
4, 4.5751570542799636
6, 5.174062962394307
5, 4.487063505858011
0, 1.217196397326102
7, 5.236102141314102
3, 2.8317079838780255
4, 3.68148285721263
3, 3.5775967116443446
4, 4.637714545237544
6, 5.345765853991074
2, 2.489498413295085
4, 3.6460073972486677
6, 5.146106435320809
3, 1.9046342088335833
2, 3.0954163280666305
6, 5.831821215584934
4, 3.572605495516546
6, 4.747171748260244
1, 1.6612915594342514
5, 5.326811791676255
3, 3.8943313302862137
4, 4.355418000368488
5, 4.046278423464983
5, 5.470668751843526
2, 2.7290723451728107
2, 2.835814926397002
5, 5.015907529083517
3, 3.2797689125331146
2, 2.718416394807852
2, 2.233028593233878
4, 4.234002372951382
1, 2.4807854881356373
7, 7.26735144862543
3, 4.232581707901009
2, 3.9694932233486506
7, 5.680379539271234
2, 2.1236505758812667
4, 4.12727942460721
4, 4.1506239735485755
3, 2.631835512136327
6, 4.808111792300705
1, 2.2577740236959096
3, 3.176049238560224
3, 3.474898607036237
1, 2.7284462384555117
4, 4.3807541474841205
4, 4.309025481779615
3, 3.9067998554167973
5, 3.2956995042239776
4, 3.4105520657989747
4, 3.3323627761511316
2, 2.7857777274005637
2, 2.528402580416689
2, 2.5621021748323147
3, 3.0535948115991536
9, 8.35560063641685
1, 2.742718119963442
4, 3.935873298028799
4, 3.0358776813920287
3, 3.8567785809122133
5, 4.608738934843986
2, 3.521875690410444
5, 4.78378877714818
3, 4.235218586063012
4, 4.330990167601095
3, 3.111373660913653
3, 3.8751918238995433
4, 2.9789697736548706
2, 3.065690719616002
3, 3.58164034047265
3, 3.798141004082561
8, 4.682283261105246
2, 3.352771410180551
0, 1.1991301942091155
7, 6.00778638615376
4, 3.8774712860009046
2, 1.9072573248423903
5, 3.307739184434551
3, 3.58605944790429
6, 5.130554700967454
2, 2.671350563589433
2, 2.0070039400645032
2, 1.7382073720198354
4, 3.480591699500819
8, 6.252110619863649
5, 3.8042370411992454
5, 4.090896530624668
5, 4.462399838372119
4, 3.1766075121582076
3, 2.4401309670870823
1, 2.4511349642056235
1, 2.4100507027522986
2, 2.8083104829307866
6, 5.190527404434024
5, 4.916414741961897
5, 4.414456502902617
1, 1.8810805168239197
6, 6.552914183815872
1, 2.332431164786684
3, 3.030456162711405
4, 3.4574197325971023
1, 1.8109047686943769
3, 2.5505499919355166
4, 3.934477102734626
5, 4.990820366520841
7, 6.484185222707051
6, 6.126041691465265
6, 5.979097550870565
2, 2.0940085590498967
2, 3.6531374197377393
3, 3.4825160956154235
1, 1.860793633450503
7, 5.582880277564122
3, 2.7159096251351906
4, 3.989875407952792
7, 6.030534044784207
4, 3.634590552433829
5, 4.885545664797875
5, 5.579215785029953
7, 5.723944179647988
1, 2.070898589254476
5, 5.159552698867438
0, 1.5928380093106254
2, 3.8702219645360723
5, 5.210758721162696
3, 2.4135244433624323
3, 4.1270771292559
3, 2.8884980756072727
6, 4.9360805996589106
6, 5.032663534265308
5, 3.7942131690565715
3, 2.9504746948351235
6, 5.466995279982175
3, 3.8048391532929386
3, 2.5301554195869267
6, 5.48778320392765
2, 4.102042038593366
5, 4.04025950500443
3, 3.432529894926635
2, 2.22512076596366
2, 3.7356970435739165
2, 2.4659603476127785
1, 1.457494008360081
4, 3.8537879377506834
4, 4.567156687977445
5, 4.446712286636026
3, 3.0306330114984252
3, 3.0783207936740378
4, 3.4506315718327984
2, 2.7062596827150807
0, 2.1600838239031503
2, 2.2042905183233814
1, 2.135017994572812
4, 4.508942856775777
5, 4.855705521924677
6, 4.352344976803146
3, 2.4860440507606434
5, 5.346487938552811
2, 2.5853070329757815
5, 6.016309559530122
1, 2.17917937886767
4, 3.777965142445206
2, 2.934659575186124
1, 2.269386984494087
3, 2.7292383003517595
2, 3.6761064829102783
3, 3.2170192495466035
5, 4.68854025607664
6, 5.933174190131889
6, 6.286894573053972
1, 1.6692085305004136
3, 2.7302406229674387
1, 1.4332176623909563
7, 6.182717477509864
2, 1.744434580038408
2, 2.958195331130709
2, 2.8413052731369337
2, 1.9326361043227689
2, 2.2092276463079923
3, 4.320124249769785
2, 2.7448665776499603
3, 3.1155371746045954
7, 4.989007020294919
2, 2.8877306686574844
1, 1.6330885624548188
3, 3.1673836980714802
4, 2.9095954720053405
4, 3.7124427172905996
3, 3.2679315654162426
3, 2.83986458450604
7, 6.564460689517403
3, 2.6124880479828643
7, 6.274724236053745
5, 5.613041283037662
3, 2.9823368869216123
3, 3.710090529103909
8, 5.7635883337634235
2, 3.0651543426645222
6, 5.530780795871718
4, 3.3929668447062755
5, 5.6485644312975385
3, 2.909720708412527
5, 3.869633550919172
4, 3.908095120668324
2, 1.790688792157878
4, 4.386314612543555
4, 4.041213737297007
5, 4.519405836407199
3, 3.807060645672312
3, 2.6386099698178196
2, 3.235282883174135
4, 2.458579473903014
2, 2.1734975441033955
4, 3.198086361408349
3, 2.9878087763887127
1, 2.048125095666108
4, 5.065455867769962
3, 2.5602635152066586
3, 2.8893842217421324
4, 3.8505740028049162
3, 3.0193061000993398
3, 3.2262880039666637
6, 6.923928933865516
7, 6.58808605551045
3, 2.8882291344145243
4, 4.349880535414038
3, 3.9601133413494547
4, 3.561324774902849
3, 3.9779875629827104
4, 3.8074401118815606
2, 3.242352995203947
5, 5.389608022653594
4, 4.133215769561012
1, 2.4331366603886515
4, 3.9409098866523844
1, 1.6696106156992423
1, 2.228545809401578
1, 1.8683294540365556
3, 3.7883510797379625
1, 2.6335600497796605
4, 5.124255946481105
5, 4.898293212113094
5, 4.391347429894144
5, 5.07069100332296
3, 2.309735456331044
2, 2.797552441203094
6, 4.605693703856918
0, 1.1081369611973113
3, 2.5761446679012154
5, 4.942204413383275
3, 3.6227431229337674
4, 4.0230036268829945
6, 5.550165475616174
2, 2.32574168370878
4, 4.147051603046313
8, 5.171377359878926
3, 2.1854238697535076
2, 2.396558281945593
4, 3.305249183183921
2, 2.1168239092120182
6, 6.636367147236615
3, 3.2056133616864666
4, 3.768202998040156
3, 4.46267564078163
5, 5.485331006660549
5, 4.780309079042663
3, 4.269922615839542
2, 2.154772155339411
3, 3.4393710905614827
2, 1.5993988187385029
3, 3.685364024051433
3, 4.3684657376326
1, 1.750769922214747
2, 2.347065922420316
2, 3.7363490176898786
4, 3.707075979332711
7, 7.026646714202171
2, 2.349295353386645
3, 3.5504540902445023
2, 3.0302973243465585
7, 6.544862815021234
2, 2.2503357877772348
4, 4.435562798948757
4, 4.4488416843078955
1, 2.095290706715313
2, 3.030516434955442
5, 4.955709494449394
1, 2.1705970000620747
4, 4.00274539570252
2, 2.5169741219139503
2, 2.200333417034182
1, 2.5157783198378056
1, 2.288966238264194
2, 2.671139554238183
5, 5.360225039537761
3, 2.51045329089699
5, 3.6762695628446678
1, 1.564962943857819
5, 4.452561697122776
4, 3.6678298395656665
2, 2.2572751492126546
4, 3.362624577286155
6, 5.351921026433532
0, 2.1937814660367545
4, 4.840594521406516
0, 2.5391224748748296
4, 4.05028497760122
0, 2.1141723620276083
3, 3.948446056075438
5, 5.641972225037771
4, 3.6653448608488994
3, 3.5846791719167594
3, 3.145954593834486
5, 5.309860935788185
6, 5.35758216833433
3, 3.4995150751852497
3, 4.383772220357782
1, 2.1458625220499097
1, 2.090451654922114
3, 3.7410533732131235
8, 7.251693739830769
3, 3.433864185119505
4, 4.217644340200213
6, 4.584232897226975
8, 7.233169051862952
5, 5.719564336617204
1, 0.9038168603276107
4, 5.6258521614210695
4, 4.083245309792198
1, 2.493035907996555
5, 4.839512717484105
7, 6.468984551770992
6, 4.417865046319271
6, 5.478247369543595
5, 5.010429765143432
4, 3.7238471420010013
2, 2.400801301218113
1, 2.9957480068483475
1, 2.705434644583728
5, 4.9588301662260665
5, 4.475130980536244
3, 3.033687870607089
4, 3.7000214360748687
2, 2.8111859602174167
4, 4.725601558909063
2, 2.9541900440297875
1, 2.5438729878541557
8, 6.406122763331001
4, 4.615092120288314
3, 3.1375548030066573
4, 4.610728758167065
2, 2.8184074222078457
2, 3.0707767004791124
6, 6.601548068208942
4, 4.582421168931315
5, 5.295022528381578
5, 4.215636630524359
4, 3.413931988111632
4, 4.982710225840486
4, 4.078916218314783
4, 4.159059208432568
4, 4.897901698265165
2, 2.487695857062929
2, 1.4908726720851493
2, 1.8160593752779701
4, 3.281674863773468
0, 0.9695628404251972
6, 4.301583099423277
5, 4.885431086745577
6, 6.138931156220392
2, 2.6806954435404644
3, 2.990960568892596
4, 3.438345733965717
4, 3.1406251716722355
2, 1.9882544864415357
2, 2.6125631268944267
5, 4.715035440113026
3, 3.94279124139643
5, 4.900652135958687
6, 4.723211115870773
5, 5.57129335038545
2, 4.228724068443135
1, 2.0051763090505994
1, 2.269562158555622
1, 3.012662415729595
3, 3.249529742150971
3, 3.6007278495041697
1, 1.5047338170820101
3, 3.3571033768344267
1, 2.0087953269789964
3, 3.649746402818214
4, 4.389981396809344
3, 2.8006700666220024
3, 4.0582358991131295
3, 3.204021424859565
5, 4.807837992818955
2, 3.6588441233162783
5, 4.939105661647443
4, 2.6651520178104167
2, 2.644751521482334
5, 3.8478606539730165
3, 3.3798334884241785
5, 4.027667411700507
0, 2.163895690274173
6, 6.00302721029627
8, 5.503310892144841
1, 1.0520211333572684
5, 6.076955715595761
2, 2.2859768784611374
1, 1.8781237324695903
5, 5.057428405995386
5, 4.60570302017356
2, 2.6238366314069435
1, 2.3598978870511353
3, 2.8891449478476576
2, 2.084356903738445
7, 5.463930743821
1, 2.7446118963887693
2, 3.6961835505422105
6, 4.889535575128692
4, 4.337452832967533
6, 5.22610616719682
3, 3.6063236657235027
3, 4.385017418051934
3, 3.0691259802282302
2, 2.1141467995371115
3, 4.477433625235477
4, 4.121949837534383
4, 4.713521647212794
3, 3.4906881425634673
4, 3.8537307638073446
3, 2.1775701640617298
3, 3.058038408249538
5, 4.239439996159573
4, 3.3775113840213824
4, 4.720451219903401
6, 5.32999571887224
5, 5.413499606187784
0, 0.6637727519031822
5, 5.577512446166568
8, 6.390753517547825
4, 4.820540216757481
4, 5.548260392286905
3, 4.635677590480434
2, 3.57334323290038
6, 5.937744633632089
3, 3.6173256988612907
5, 4.83473725321169
1, 2.072799532064834
7, 4.677662591156689
2, 3.1453418407189004
5, 5.397370699367528
4, 3.7285421200333073
4, 3.6646648321625745
3, 3.65915938198426
0, 1.9851732379317928
5, 4.454627961009408
3, 3.9289532880026847
2, 2.4743632640541646
5, 5.4562372705244275
6, 5.8986459860829505
4, 3.986324002795458
4, 3.921499702721653
4, 3.88184198968761
7, 5.77030017227475
6, 5.207319927701147
6, 5.276770840936001
2, 2.9089663302383544
2, 2.898923411779807
7, 6.276035265282218
1, 2.1087942147240177
8, 7.254047193459961
2, 3.134309024548481
4, 3.6479532164947237
1, 2.2658503515577464
2, 2.7506725348697247
1, 2.619631905041643
1, 2.4673416490941507
1, 2.1222238069933494
1, 2.753262153680374
6, 4.146301023601
4, 5.1277983214288225
4, 4.070401664665102
5, 3.6381252419569834
3, 3.41386901099177
3, 3.507624455851643
4, 4.147669482206394
4, 3.8751848466453813
2, 1.9394694827655783
4, 3.4285852775752526
3, 2.8381019903958262
5, 4.900225740425139
4, 4.226665542824937
1, 2.5883789496763607
1, 0.9172578079230366
1, 1.6345332193436193
2, 2.8942514801930144
5, 3.478536430775976
8, 6.30605392883929
8, 6.115953876112757
5, 4.178832855980799
0, 0.9457664246071845
4, 5.10728274926176
1, 2.507041394764683
1, 2.7115311289090807
5, 4.05494968549101
4, 4.022706786156591
2, 2.3132120295186316
8, 5.439198003874651
4, 4.325045079682663
5, 5.295689223991279
4, 4.031370783028086
10, 9.24518393520324
3, 3.5159231856276163
5, 4.48444486478247
6, 6.059754214505537
5, 5.220448599827188
3, 3.8594155438709548
6, 4.791288135293963
9, 6.728586481470571
3, 3.1985125622927413
4, 3.8674565285225544
1, 1.4876049291253397
1, 1.8238703783231824
4, 4.605327032790846
2, 2.9364704765294105
5, 3.571504431298303
3, 4.453002366419871
5, 4.979566632651457
5, 2.893660320282889
1, 2.2303581271521606
2, 2.018513652875991
2, 3.3910374280525986
1, 1.9171741553830552
5, 4.2740799265380325
2, 2.227026428240729
3, 2.7424396196856775
2, 2.5202654677303644
4, 4.055205927485112
4, 3.6862927858099073
5, 4.1543851692533185
0, 0.9367286498181293
5, 4.042738486673536
5, 3.9415274063641133
3, 3.958445460712733
6, 5.752558395359547
2, 2.808553003410193
3, 3.309880030813632
5, 5.015062326040303
2, 3.896249227774396
2, 2.5299910886879173
4, 4.633450935901838
3, 3.1641828540167136
4, 3.8220992711161443
5, 4.850719776184819
7, 6.473710129145173
1, 2.243031288341112
4, 3.986791087675686
0, 1.185959802695616
4, 3.392113897507508
4, 3.1804022609480027
7, 6.492213969276897
2, 3.143887091364673
2, 2.774334401292814
5, 3.6780231471458733
6, 5.740381064791328
5, 2.896163173609771
2, 2.4908306553344484
2, 2.6577880634305053
2, 2.754591638501597
7, 7.120593261570123
4, 4.0305694657143905
2, 3.9358587988650684
5, 4.3066472404072424
1, 0.7597892815386882
4, 4.238571498429786
4, 4.021211891303018
3, 3.0777111070843635
6, 5.707041818128408
1, 2.3584976836755476
0, 1.0309318572255741
3, 2.6206903824838057
3, 3.457647515780474
4, 5.743503068349925
2, 2.5206838828312197
4, 5.330715967795268
4, 3.683118459494445
6, 4.526517967765766
2, 3.4018812681199204
4, 3.7303114071550905
3, 3.1917564834663317
5, 5.556756454187123
4, 4.197687119126602
5, 4.262977836734249
0, 1.5479624949541269
1, 2.606957248817769
7, 6.228254806008944
4, 3.0660581935637854
5, 5.4325711088849
3, 3.49102328117741
2, 2.803508133426014
6, 4.460042900081964
6, 5.63671540090591
2, 3.226974149493936
4, 6.195075582350897
4, 4.444253257101226
2, 3.6886707279001447
3, 3.6240045785593695
3, 3.129264004565175
1, 1.7540123688540086
7, 5.92984194997702
2, 2.385858862707875
2, 2.2883703438447456
1, 1.779650538393374
8, 5.734087145651456
4, 3.360374709605285
1, 1.5669946125524314
3, 3.1670252903509053
6, 6.220142243820319
10, 7.781706436768628
3, 4.511820722994984
3, 2.5444651317898668
6, 5.500105923125823
1, 1.9094997774016957
4, 4.518228247964049
1, 2.0743989625753487
2, 2.156859737265439
4, 4.244166540822509
6, 4.968744842078717
7, 4.744476586362886
2, 2.306516452309219
6, 5.361441924562591
4, 3.177435340449873
2, 3.4264822572089297
1, 1.9360510319196922
2, 1.6841098068414417
6, 6.488899360491257
4, 3.814905785182389
3, 3.8725259168691353
2, 2.000209694724319
5, 4.849051993198045
5, 4.340733733324058
5, 5.122208671444141
4, 3.601835001500855
4, 4.845470494707466
5, 4.4197159450425865
5, 4.575872321827963
4, 3.932738148861868
7, 5.947509223392303
1, 1.8472481849971354
4, 2.413807008887845
2, 1.988358998074478
1, 1.9691604863325363
3, 4.62636607800835
5, 3.9507825959123326
2, 2.682147729945214
6, 5.307532003873929
3, 3.5907771274687468
3, 3.7728011218489304
5, 4.69637381362259
2, 3.2886018835449753
3, 2.701014411174178
1, 1.153577352849032
1, 1.4215974503943019
2, 3.4422256680279952
3, 3.167424628994818
4, 3.892807884128015
3, 3.839287297573346
5, 6.060373722870359
5, 3.9092837938744283
4, 4.040422405920694
4, 4.324440637960129
1, 2.7944419782249925
5, 4.324980630212574
5, 5.147371378620415
5, 4.089610859974699
3, 3.5787175715456354
5, 4.72349186794134
3, 3.6561504491756223
6, 4.973125323491677
3, 3.254527116577496
4, 4.762135869600791
3, 2.4390115199644082
6, 4.924648488965655
4, 3.3625033368472077
4, 3.033407777772743
3, 4.635258835820149
8, 5.707574923938181
4, 3.9402456821390843
4, 3.89631629371918
5, 3.9020050694629593
5, 4.836347643305494
5, 5.197180256175026
1, 2.513630592336955
6, 4.918995383973467
4, 4.192910976516775
3, 2.7827988372416885
3, 2.960920867598452
4, 4.038122288273858
4, 4.1014827717704785
6, 5.743965510485806
1, 2.55393359398436
3, 2.7657134719408956
5, 4.17301772760701
2, 2.9161550400548357
7, 6.0760496167296285
2, 3.562594235394353
3, 3.795062508531919
1, 1.9592519744196961
4, 4.707775879711079
6, 5.2661668471446585
4, 4.6304498637464455
5, 5.2857814531013885
2, 1.9980389401757521
3, 2.2193972472048147
2, 2.370984919150213
3, 3.752491457783189
3, 3.8671301264272864
2, 2.0195994615445225
3, 3.4540088538594067
5, 5.129187880958353
4, 3.630541855860304
5, 4.123465432791707
3, 3.624275491539549
5, 4.3214112763724835
1, 2.4203419057775966
4, 4.1719705431904
6, 6.203832278549201
2, 2.0999652817253547
1, 1.8669256327251684
2, 3.7749517622241804
3, 2.748252555467496
3, 2.8825531056025664
4, 5.111805432116332
6, 5.756535008162142
4, 3.8591312237091207
6, 4.602434662800909
4, 3.2161048743613554
4, 4.010712588348753
2, 2.3123035325605525
7, 7.191604919079418
3, 4.806110296125335
3, 2.617425869390104
3, 3.1698322513853245
8, 6.1212853007574575
2, 2.4876018423811788
3, 3.609536209807182
3, 3.0086796968564506
4, 4.463755668779529
6, 5.936509469672062
2, 3.0163174042745555
4, 3.4248093441147276
1, 2.0460080194620143
3, 3.2447266644806962
4, 4.867475748744357
4, 3.0857844514518713
3, 3.5422415032566437
6, 4.784025555163168
4, 3.690409629323393
7, 5.042760097628619
3, 4.038447078151904
3, 3.3349161824542013
4, 4.323140691883524
2, 2.471282450581548
3, 4.197883514111746
4, 4.897058092006667
6, 6.430118047558111
1, 1.8674529944686629
4, 5.817657320942543
5, 5.0106146401818386
8, 8.063567071178083
6, 4.93626367038442
3, 3.5806160095320307
7, 7.185330306643535
3, 3.893626677274937
2, 2.3828660323067354
2, 3.8235587260464388
6, 5.777799884532767
4, 4.249960616345638
3, 3.8724401413225094
2, 2.530599367961124
3, 3.414382190052587
7, 4.84063903868669
4, 3.3455246952155093
7, 6.769042335065097
4, 4.0009351190865665
5, 4.8643791764493
4, 5.288668461182139
0, 1.3382897693694478
2, 3.1893199445716776
6, 5.658160276628257
3, 4.524791925950367
1, 2.134444344138369
1, 1.903958038652147
3, 3.4978575784927637
3, 2.2918160099639544
3, 3.631431228519949
6, 5.016190542026036
7, 5.926137656600406
5, 4.567323371343072
4, 4.586649618276024
4, 5.021539695471804
6, 5.130873171201243
4, 3.0497819271239557
4, 4.107108362251015
3, 4.953373365810775
4, 3.1295050953295074
3, 3.313135687791797
1, 1.5072511890560565
5, 5.3299914113994955
5, 3.466409309369705
6, 4.555981109800428
8, 5.648386420130824
5, 4.7037980038169795
6, 5.719948956389679
2, 2.232612464083066
4, 4.002681821033931
7, 5.386777298960247
4, 4.94133346331904
3, 3.654247859665125
1, 2.3613229926690633
5, 5.012735466608366
5, 4.196841224877591
3, 2.894017115945835
3, 2.1322158623598497
5, 4.96545030556294
2, 3.4043880536640865
3, 2.624260453182574
7, 5.447712876508207
3, 3.418522890611111
7, 6.423653326776075
1, 2.7863849795955726
3, 2.413309170277381
2, 2.7969856414062186
5, 5.09186709681419
3, 2.7946043284831474
4, 5.100246734336529
2, 2.2652647986104473
3, 3.5285872643643557
3, 4.1854866806972515
3, 3.0815076461785575
4, 4.546446940651791
5, 5.319037323647373
2, 2.587142650611638
2, 3.3718122693350834
4, 4.197472882145418
9, 7.221633994765435
5, 4.474588925823564
5, 3.9553388177671986
1, 1.6358138064069996
2, 2.522478429447848
5, 3.793109262593725
3, 3.266019535137162
2, 1.4726627424598953
1, 2.1041757944220527
6, 6.3687806357436045
4, 4.442382690536308
3, 4.074357026128002
3, 4.117477769916776
3, 4.444007524264407
6, 4.957525010462912
6, 5.300250968973524
1, 2.1678203758385997
4, 4.786348222229355
4, 4.296818743118657
3, 2.9356933449247196
4, 4.169011210599381
4, 4.181156483349602
5, 4.9569701403832
1, 2.839248160566917
6, 5.760456127811265
3, 3.010074910551696
1, 2.1898527809609405
1, 1.954886509470243
7, 6.818109328807978
4, 3.561613263890923
4, 4.931796734503007
7, 5.959567029062244
1, 2.736408887869437
3, 3.1089036310518785
1, 1.2715145018666716
8, 5.841234621918183
3, 3.8951293423413196
2, 2.3080053754722574
6, 5.897906942811638
6, 5.532802298566494
5, 3.7457816263979455
2, 2.68275471125568
4, 3.988405455069946
5, 4.46707740483739
4, 4.867874518254646
4, 3.0624356967886976
2, 3.6270678479786924
5, 3.8673510818838692
8, 5.6193413996278885
3, 4.0514252603455265
2, 3.10280030635696
5, 4.185112297108954
1, 1.6152090700702815
6, 4.676588808017159
3, 3.553211770129637
3, 3.343952241861335
6, 4.692599657969417
3, 3.2526902045779056
9, 8.001026323194452
5, 5.251654865717967
5, 4.204944157750251
5, 5.67252738540597
4, 5.342665219198482
2, 3.2526819130802456
2, 3.1051334494710012
1, 2.002472750442363
2, 2.053591564669598
6, 6.735600566935838
2, 2.249238375993127
2, 2.689348669992412
2, 3.0119279869522497
4, 3.963596865920346
4, 2.985450916596952
5, 3.2521345331996456
0, 1.085580864060299
2, 2.6011555807478373
4, 3.685246060713095
8, 7.456632381250091
4, 3.7503459800236425
4, 3.7329520737103135
5, 4.925699296494206
1, 2.839499075719946
4, 4.094067949425982
4, 4.439345780080052
2, 2.7476277793490427
3, 2.962090042552502
6, 4.604506999033304
6, 6.29520317052064
2, 2.7605911091860067
1, 2.114223772858495
7, 7.038216750634334
3, 3.221022073150498
1, 1.8895349688152852
5, 4.524873902718818
3, 3.2246486551568414
0, 2.206986051450463
8, 7.5981623552262345
6, 4.527668070539383
4, 3.7873644716465336
2, 2.5307969869360307
5, 5.559455867156539
4, 4.6366572217956135
4, 3.5670784988403383
5, 5.28813638039092
5, 4.661842550904051
3, 3.8074494005979322
6, 5.002862632395981
0, 0.841646127417524
1, 1.945068614730661
6, 6.982779441736969
4, 3.9271356736126806
6, 5.603979230920426
5, 3.875712429344973
6, 5.809076288689044
4, 5.613685872576199
4, 4.598268073761043
2, 3.4935411744687146
1, 2.21670109566448
7, 5.934641116662836
6, 5.57437225202219
3, 3.3661917141692292
3, 3.276585129168853
5, 5.082095169870102
4, 3.2251095585681644
2, 3.099809510054611
6, 6.292319925027904
2, 3.2839235397540887
6, 5.377823083083844
3, 3.827584434286308
3, 3.782347443505557
4, 5.010303514234121
4, 3.4776891637045972
3, 3.1077099843226454
6, 5.462199612856753
5, 5.14013016730997
0, 1.5831715466544027
2, 2.7976868799899197
4, 5.282076758867084
2, 4.258289349433352
1, 1.954858251099502
3, 2.9133130452363947
5, 4.0341084497903035
5, 5.4481934431516486
5, 4.424118201594175
4, 4.3888096668254395
2, 2.169616052514179
4, 3.688782481031504
9, 6.434137781605397
2, 3.079994937091846
2, 3.271695402024006
5, 4.469335539055118
3, 3.4142512519357964
5, 3.9162465078615987
5, 4.400297907078233
3, 2.166501663270602
2, 2.352262444253431
6, 5.788136543922357
3, 2.5950617546014474
3, 3.4928103509841257
4, 2.9668837833605703
4, 3.419456531824891
3, 3.918069084307091
3, 3.8104636409315136
4, 3.238661082242474
3, 3.2852154662438493
3, 4.116026997869114
3, 3.106335929398524
3, 3.281166743227837
3, 2.933571538812598
5, 5.006818100052692
2, 2.671644827037793
5, 4.579394679520144
5, 5.292522175437232
3, 2.548568742632106
5, 4.534333294919418
6, 6.96832172661885
3, 3.0910066949613144
8, 6.238000035338316
2, 2.6394378591152363
1, 2.735309662270824
5, 4.883530767563281
2, 3.455014555720696
0, 0.9967242370084537
9, 7.314163740216703
3, 2.71010589002842
2, 3.1384345800785782
2, 2.3295588539356857
9, 6.379193323304394
3, 2.3782816120905843
6, 4.8635722986755745
7, 7.146048542610203
3, 3.60248358133705
3, 3.619372763989843
3, 4.212304237502108
3, 3.6951547896669714
7, 5.742701238009105
1, 3.2063255756961406
3, 3.0441467151578236
0, 2.108459550185363
3, 2.7910385186922957
3, 2.8198652757360154
7, 6.914411857374096
2, 3.063479556085128
3, 2.778461035957655
5, 4.6481128925988155
5, 4.898570208567273
5, 4.775799166503227
4, 4.118042088069373
4, 4.599372792531657
4, 3.824803274830128
2, 2.6529734128459226
7, 5.887751235932875
3, 3.0801691680572176
4, 3.3365573708131975
4, 4.109578178049165
5, 3.967605756667346
1, 2.110868642496395
2, 3.5406265669296624
7, 5.125252295078931
4, 3.952058142234565
5, 4.633859201244196
2, 3.5002124050078405
2, 3.3146352600248936
6, 5.033016694242773
2, 2.8074476167824227
3, 2.8387233231502025
1, 1.8808776462278132
4, 4.089568670762202
5, 5.000582052035134
1, 2.1059668155374345
3, 4.011796841732171
7, 5.513097069640144
4, 4.2262797864361685
1, 1.8830351769716882
2, 2.8537124663872335
5, 4.885868269430379
1, 2.5336526797485424
5, 5.139155697457651
7, 6.082597066727581
1, 2.533259407630271
8, 6.537385351756915
3, 4.5656706175104915
3, 1.9528895803403117
6, 5.61004936284195
4, 4.721692434330975
4, 4.259682172011299
1, 2.236985495848073
4, 3.6456396023173547
3, 3.2429780277992895
8, 5.781137662014913
8, 5.566393662045246
7, 6.219074290013362
3, 4.091531529783527
4, 4.262871472519881
3, 4.080268905981589
4, 3.686149911385937
3, 3.945887406748007
3, 3.3971533742811464
3, 3.1286671837911038
5, 4.8707103666261125
5, 3.8976283658140236
3, 3.539923506616652
5, 4.551624220795125
3, 2.979258459066928
3, 4.395750063913194
1, 2.291041496089305
3, 2.781706659597102
3, 3.1715926041009954
1, 2.9631966529973606
2, 2.656512059108789
1, 2.0358266416322435
6, 5.329258316663165
2, 3.2367422812411295
5, 3.5895570240347157
2, 4.683595644220141
8, 7.023354831760374
5, 4.378550204419594
2, 2.42080221693023
4, 3.432880135951065
2, 2.6202890071389047
4, 4.386807031397731
3, 4.003829397150132
4, 3.574056026523316
3, 3.6937454515843315
3, 3.18712033936698
2, 2.3659501333622117
2, 2.529693676753221
2, 1.8740357064246498
1, 1.0005267365526456
6, 6.0913218595809475
4, 3.7467903101362934
4, 3.601526333355473
3, 3.1570927659158454
1, 2.020102920275903
4, 4.257539837602948
7, 5.97466804332233
2, 2.0363879366999353
0, 1.1743145855677886
5, 4.674614886712611
3, 3.420983447054319
7, 6.258203027353673
2, 2.6139179909814927
1, 2.4540407638267094
5, 4.402912111108713
3, 2.790641213657244
7, 6.440204893605228
6, 6.0180369342155275
2, 3.827252952469706
7, 6.0991880166455
4, 3.5407417154942316
3, 4.404118071361035
4, 4.17556846738851
1, 1.6809216007318921
3, 2.4950389889356246
3, 3.1985188913283964
3, 3.6103884531702506
3, 2.8771412158326863
2, 2.3852813331717737
5, 3.7602712414580637
1, 2.8144413709062914
7, 6.447288142513085
2, 3.4155101934945304
2, 4.455862850516096
2, 1.5983212448967767
3, 3.2821412024038774
0, 1.273818165410261
2, 2.6339967802637863
4, 4.0372681453748775
4, 3.557089974247941
8, 6.52615935946305
2, 1.8689903058349644
2, 2.9466616683584332
5, 3.4788046469240195
4, 4.208510646473426
3, 3.6865283772623
4, 4.423522384757965
5, 5.383692017214379
6, 4.414333930010476
2, 1.2426478521046542
1, 2.9766859442482496
6, 4.967717023102791
4, 4.150885165171516
8, 7.275210325075549
4, 3.7455645021063444
3, 3.8901209184219874
7, 6.213602201039036
1, 3.9599139816586177
5, 4.228172241445205
2, 2.303514081623624
4, 4.706515895952323
5, 5.138203607738863
3, 3.2697407805816217
2, 2.6225342813304793
1, 3.162410004485823
4, 3.3364024609391882
4, 3.297530089830093
1, 1.9166700128407097
4, 3.0844308984580517
1, 3.0493649050567067
6, 3.84287649292488
3, 2.5049624634307346
3, 2.419424014769659
4, 3.3705029046752872
4, 3.5541688047004247
5, 4.7202629541133305
3, 2.3793593840222744
5, 5.012714111970528
8, 7.941485683736719
2, 2.6788311648705245
5, 4.319510529333203
6, 4.451148609819543
3, 3.4042723709191303
3, 3.0978357620492485
4, 3.5780413161634623
1, 1.3828725991701065
5, 5.034031984916859
4, 3.5564106072932944
3, 4.372110764069894
4, 3.318083195424813
4, 3.687902004172753
2, 3.320709162475287
1, 2.348590920565578
2, 4.030472357206715
2, 1.8670199504514615
4, 3.6560397284829906
4, 3.2064916562278034
1, 2.0355032333050223
5, 3.4788958385154816
6, 4.67154183102609
4, 3.831415775691365
2, 2.7118576024769614
3, 2.866811555520485
6, 5.102021800646237
6, 5.111657012424018
5, 5.157449643920829
2, 2.6796711913652334
1, 1.4933376965002236
1, 2.2853602583062296
7, 6.752646945817381
3, 2.9357675715141887
2, 2.9330552092201865
2, 2.2712666463027347
4, 3.2062652380804315
2, 2.7727457111570173
3, 4.513653527212787
5, 4.779581187724476
2, 2.582136039008784
2, 2.3208376777470705
3, 2.224842653731684
3, 3.466731647487599
2, 1.7351514148352187
3, 3.474190927230048
6, 5.231505621191186
4, 4.648419776933176
1, 2.000136436534658
2, 2.15730184871919
2, 2.473774778800326
4, 2.979025741142439
6, 4.9595544876284405
6, 6.682367726786658
4, 2.956447374944793
2, 2.9920795085820227
3, 2.9004712740846395
4, 5.769330795187977
2, 2.1275182395361085
3, 3.150411745127986
1, 1.4773090690935553
2, 4.09168002253986
2, 3.484328458638313
6, 5.313654818520718
3, 2.7028840257882014
4, 4.251242956061041
1, 1.8696509431524728
4, 3.9967042121093255
4, 3.3348284438635507
4, 3.1571283437597413
4, 3.031812905143342
3, 3.0881651870139004
3, 5.461582567821998
4, 4.055873308912918
3, 3.304820250616162
3, 3.138818706425792
5, 4.902794473863906
0, 1.3559562773068474
5, 4.7092472717884055
1, 2.552344938138065
4, 3.271941775479755
3, 3.4888396805562754
5, 5.88199408469399
0, 1.6016961527148323
5, 5.465497023917919
2, 2.3224861346675336
2, 2.297075315549593
3, 3.889857109119018
4, 4.404876459521489
1, 2.154292674138577
4, 3.8690196751291404
1, 1.443171144746889
3, 2.7093883298247174
2, 2.099415903525387
3, 3.251409425684733
3, 2.936766236003755
2, 2.616040404974608
6, 4.27542917369487
5, 5.415300940266044
3, 4.093408014542284
1, 1.2651770034570173
2, 2.275379027286747
4, 3.693075732031177
3, 2.787496107874697
2, 2.7333142916021664
7, 5.960100571792705
4, 3.50477381496437
3, 2.823493424014316
2, 3.6734185682185103
3, 2.834110673553676
4, 2.981055412354493
7, 7.032012249615603
3, 4.169379494513633
3, 2.7951932154162074
4, 3.6341073462541087
4, 4.105021871750083
4, 3.7800295233229955
1, 1.2274525339807272
6, 6.1207455003121884
7, 5.075670928221944
3, 4.260611895662081
7, 5.516504333583496
7, 5.3983385525981875
5, 3.8754987478522405
4, 4.2096728189267205
4, 5.074580043754307
4, 4.205094446390176
3, 2.4030097286832306
4, 4.555251825278024
3, 3.560357043538023
2, 2.825011773797546
4, 3.438189329437757
4, 3.5257250964994076
3, 2.803541536735243
1, 2.747687293919979
3, 2.602914616108321
6, 4.097653651874057
4, 4.872313343458004
1, 2.7635270699872994
4, 4.776428416691705
2, 2.36789416549888
5, 4.299856141097928
4, 3.0364209128391098
13, 11.741771631710668
3, 2.4843422392503967
3, 2.22285305869153
2, 1.6987923185269118
3, 2.023747716149858
7, 7.285415501644028
4, 4.711030552900823
5, 3.7860838044608456
5, 4.879069237469247
3, 3.567663220541478
3, 2.595937745372992
5, 3.5031813535499285
3, 3.563483038365226
4, 4.037514649467382
1, 2.748605565362935
4, 4.025938165195283
5, 6.58545434357508
8, 6.257450752707197
2, 2.9850936934901493
1, 2.2771987295635565
3, 3.5561027604673776
0, 1.329259920790551
4, 4.544150774442981
3, 2.729583487538912
3, 2.339922516148003
2, 2.0477753160319914
2, 2.9282694561403635
4, 4.192386420911648
0, 2.195060444344486
5, 3.7601841996527336
6, 4.510526080485367
4, 4.3105761217574035
4, 3.2073301727665506
2, 2.5224991333877838
3, 4.333491874636745
4, 4.718139841778224
5, 4.434766059466727
5, 3.9485433999731665
2, 2.710340820942489
0, 1.110032418557114
3, 4.15697142778863
6, 5.984942346352303
3, 3.7903105215990243
5, 4.771511816635929
3, 3.5832222532227958
1, 1.6099765223611213
4, 4.443278765923109
7, 6.203079550658612
3, 3.2105930844345636
1, 1.2631270731101651
5, 4.686189839403937
2, 2.012060598788838
1, 1.5056175654441617
5, 4.919364090429125
4, 3.8919245166323755
6, 5.110441574481847
4, 3.7242766915823875
2, 2.9304835581892976
4, 3.933639458905645
5, 5.172402120232548
4, 3.8814091651348006
5, 5.330833355684136
1, 2.137959910980668
5, 3.8898555028103243
2, 3.1683834650139087
5, 4.38453147971667
5, 4.241189735446318
2, 2.964344097762247
6, 6.095599649580127
2, 3.336585135341215
2, 2.3235591750312015
5, 4.25150414408535
4, 4.7475857175174525
5, 3.7832567105982693
6, 4.556900483935026
6, 4.55890787186737
4, 3.571639598236053
2, 2.6648105869568344
4, 4.161284316819261
7, 5.449725652015071
5, 3.8134827944299827
6, 5.834228886929094
6, 4.838765644755396
3, 3.9705065805651474
1, 2.3971351607979705
7, 5.446390728456646
6, 5.833526725694871
8, 6.863936701256696
3, 2.4549691058197696
3, 2.9427942683944432
3, 3.183964910876993
2, 3.0636937847585872
1, 2.1071526594757084
2, 2.8890731143328225
6, 5.22091750585411
4, 4.734127985007071
3, 5.18442077131628
5, 4.8351614602297515
1, 2.254619348913786
2, 1.9707858491835972
6, 6.86722009327438
3, 3.7058595493262034
4, 4.252697618284594
7, 5.883304930755293
1, 1.271762744588187
4, 3.7268712925563294
3, 3.255169190782469
5, 5.65251377007815
4, 4.162368560416339
7, 4.609051835802342
0, 1.6312891608465334
2, 2.1286642129861097
7, 5.344164173837915
0, 0.882178414092364
2, 3.4097358427271303
4, 4.111398083279206
8, 5.852433091098676
2, 4.138218258865411
3, 3.034357716144412
0, 1.2831368801770595
3, 3.242170326468213
4, 3.207274506537873
3, 3.3049786537812063
3, 3.1776470188614585
6, 4.871203889312231
4, 4.689761404621254
4, 4.559486464205598
3, 3.3368634265074277
4, 4.2353300126269025
4, 4.40038006824414
8, 7.403847277369246
3, 3.0755500414182277
4, 4.912554971513366
6, 5.264570359035876
7, 6.34688901716386
2, 2.4414562953633183
2, 1.4276330435312836
2, 2.815020524435649
2, 1.9542948193473084
5, 5.516787979644406
1, 1.7612959728556241
3, 3.6920498191743585
6, 5.534423940280819
1, 1.7932074512449654
4, 4.961755772446883
1, 2.365843423766542
2, 3.6743271617131334
3, 3.2604750792806674
4, 4.6803524581548555
2, 3.3103116866480344
3, 2.684013711260054
2, 2.789613409512857
6, 4.519738138313562
7, 6.580713488512059
4, 5.440201548370689
6, 5.079364436485389
3, 3.33419606182735
4, 4.375044117361369
1, 2.530254770037634
2, 3.527190953517051
8, 6.758514892736294
3, 3.8299888586611517
2, 2.7331763146453456
4, 3.463278469021353
5, 4.113863221597467
7, 6.666892782883917
3, 4.4421830531595035
3, 3.650329821229753
5, 4.827358617869546
4, 3.63901388757623
0, 1.7094655345441143
2, 1.8132558020448941
2, 2.224279518922869
4, 4.782714153365972
2, 2.765277095171498
3, 2.814822226044253
6, 4.17380512726096
1, 2.1897974890250036
4, 3.6862882445054685
4, 2.3547778083571003
4, 3.953107033762394
5, 4.0212676254680035
11, 8.82551183924801
3, 4.084791403589496
3, 3.3344441339827204
1, 1.4918848400389213
4, 4.893696183632612
1, 2.2017097867031947
3, 3.0077766454887778
4, 3.823966693998658
4, 3.6633195427805347
5, 3.990437289237408
5, 5.4040890436514895
0, 1.663877815759676
5, 4.828366769828674
5, 4.985096088611703
2, 2.938552110070947
2, 2.3273923117652746
3, 3.935634796573507
0, 1.557106257239409
1, 2.726440955784533
7, 7.19133347342377
5, 5.4132770317692405
2, 3.307063606720963
3, 2.986131284930824
6, 5.3986964212608
1, 2.369461853382858
4, 4.593800716233653
4, 3.724400305872833
6, 5.181415503497383
3, 4.59023876646671
6, 4.810678768807992
6, 6.147408638272412
11, 8.55723440149743
4, 4.074812455035738
5, 4.056765356041959
5, 4.928870766712532
3, 3.4744395376040007
5, 6.234908492650622
5, 4.5724309017258555
6, 7.833588652122118
5, 4.63691048341111
5, 3.589097941365649
1, 2.3400804066401024
3, 4.587928506805242
3, 3.7772308042258906
2, 2.208147732556272
4, 4.998657918032177
2, 2.0225139766953335
3, 3.465599310180446
3, 2.678058239662161
6, 3.6853250122017034
2, 3.0764400228101056
3, 3.8595639284620282
4, 4.26157815560249
2, 2.6378658531306343
4, 3.8131560865701797
6, 4.999064962934957
2, 2.6734865024581373
2, 2.9992268329260843
0, 0.893738847170894
4, 3.775064001409398
2, 3.05144116993277
3, 3.939007475371008
4, 3.888044715404126
3, 3.1343123049548356
1, 2.1058416534825843
5, 4.970100055592971
2, 2.3696836736213402
6, 4.995070848059958
3, 3.339765369068023
2, 3.0880208607459485
2, 2.317435615551704
2, 2.8082998392357057
3, 3.364367306233671
7, 6.443430952953124
6, 5.866354734085675
1, 1.9064624931075274
5, 4.184241538102967
7, 5.571288898615345
4, 3.6601489109776213
3, 3.1594899576526
3, 2.7724057600390353
4, 5.22178381463655
2, 2.680085701601379
4, 4.116418235141178
5, 5.153297983329089
4, 4.238736825690418
2, 2.283049941677028
5, 5.0400168038624615
8, 6.066424722811102
1, 2.5784999402644555
2, 2.278938562524341
3, 2.8907850606658267
5, 4.650801243999704
3, 3.3510236776855815
5, 4.462550905233865
3, 3.2402458047417086
4, 3.0105383434549884
7, 6.672394911400464
5, 5.36287885982355
2, 2.568008642785808
2, 2.974257262727511
5, 4.552894458602504
4, 3.636933142871455
2, 3.5496976756996603
6, 5.217954827845515
7, 5.977042454802034
5, 4.4628129280947455
5, 4.051338845011206
3, 2.931946219463415
4, 5.128991747237648
3, 2.6575643106600393
5, 4.968803180711167
0, 1.2734712492935345
6, 5.483282482915164
4, 3.7247549094530896
4, 4.068362086927564
3, 2.1378922721332336
5, 4.621775543245762
3, 3.433345145312738
2, 2.810347412379679
7, 5.950318801924052
0, 1.4241783761073739
4, 4.826716741090542
5, 5.842152529181733
5, 4.569646154026602
4, 5.065652711344123
3, 3.1228295810743236
6, 5.362626635120892
4, 3.3412779086184696
8, 6.856649898008482
1, 1.654559148191554
6, 6.5346199087513765
4, 4.218773864912105
4, 4.110697312915243
3, 4.438086100948993
4, 3.414400467553301
2, 4.098020897855768
2, 4.7974658032962125
3, 4.092120094559789
2, 2.4117052303810644
8, 6.869718853834669
7, 6.0100780398069595
2, 2.5659385684823603
7, 6.266097689209827
3, 3.9991277340895164
2, 2.576086144151101
5, 3.7656802352964394
2, 2.7307327563771606
1, 2.78057073155275
7, 7.102841153166316
3, 3.3674054380306404
3, 3.765419604023588
6, 7.143129266502829
2, 2.628577943195911
3, 2.971820960592546
4, 4.107493441997324
3, 3.313598378321485
1, 1.966829016910315
3, 4.125982682662012
1, 2.711400513488992
6, 5.041276065602806
3, 2.9129955515773864
2, 2.0215681445499047
6, 6.039437998531311
1, 2.5974582670456496
4, 3.9525852431686506
4, 6.055567135847401
3, 2.990192667204494
4, 3.644291655017255
6, 5.383534957663156
6, 5.722792258954835
4, 4.2168844658610745
3, 2.770887026397221
3, 3.940813957634132
3, 3.7498480095276014
4, 3.7121522077906692
4, 4.197786319879123
4, 3.452139679147764
7, 5.435448966410584
4, 3.7278186889298035
4, 4.022898200690987
1, 1.699897208205558
1, 2.130774031116969
5, 5.295527906955376
7, 5.943573170122569
4, 4.772621654935774
3, 3.4308868329110833
3, 3.143675014265631
2, 2.9405583376636786
6, 5.5474396448603605
1, 0.9646416558470868
6, 4.8660131354427625
4, 3.63550128785586
6, 4.669518644768405
8, 6.340045864918982
5, 3.4394103581009836
5, 3.7551319636485783
6, 5.15543750060904
7, 5.073383411073942
4, 5.414443759520238
2, 3.154419428216541
0, 1.9006487675698582
2, 2.488809104618656
1, 1.872078716913997
7, 5.585396773388509
4, 4.40807451790004
1, 2.26548968651018
4, 4.267594921018716
1, 2.341710423892924
3, 2.3168814148764505
3, 4.655204085808983
1, 2.0310269822631706
2, 2.420334812089529
0, 1.467603104763537
4, 3.9974322239498
2, 1.9114279688694458
4, 3.5111894877649745
3, 2.598437608013913
2, 3.0760765782209023
4, 3.4085506321731867
3, 3.0179543142858702
2, 2.617107755815487
4, 4.180415857957613
7, 7.082055406509061
2, 2.850946440258641
5, 5.864859770399557
3, 2.3960072826117385
4, 3.5187429469863942
3, 2.705757761858905
2, 2.7879984242490936
4, 3.4239053032227726
5, 5.01549815876262
5, 4.141990922861551
2, 2.9135527100329934
3, 3.3827813861490883
5, 4.638515967547819
4, 4.212830688400982
2, 3.6512051358053803
2, 2.2241922537392917
5, 4.033977584592951
3, 2.9559513037902656
6, 6.1796414920635225
4, 4.246801213012548
3, 2.002780784730204
3, 3.2819249867289524
3, 2.599835192213941
3, 3.700772534527415
1, 2.5600382567092046
3, 2.9812375456258318
5, 4.720414354936715
3, 3.8765825638238485
7, 6.102240091699208
4, 3.829516034142523
3, 2.418630144099944
4, 5.415507721953209
0, 1.576728980677002
7, 5.545211851543459
5, 4.441403469117397
2, 3.513805728081643
1, 2.6516710056924495
2, 2.4623167984122833
2, 3.0192506368869143
5, 5.101423065800958
6, 5.037339450357919
4, 4.415881419976761
3, 1.8246016204373965
1, 1.8856682077184845
2, 3.649404394378211
7, 6.593444067290037
4, 4.01217641039195
5, 4.274594445227554
3, 4.020546171481481
4, 4.440453174502428
3, 3.304864462407036
3, 2.5845216674768103
2, 2.179498723280715
4, 4.898818188038031
5, 4.488795185245197
1, 1.947137299581167
5, 4.321522762807172
4, 3.8428614843565363
1, 2.8305563139410728
5, 4.755216061431464
4, 4.107674649327277
4, 3.40654277649838
5, 4.497870648896871
6, 5.386649339690545
6, 5.479624985823723
3, 2.7937808636262593
3, 4.138317957793318
4, 3.868594691491797
2, 3.4078932034259686
5, 4.986802956592413
4, 3.1582073524886174
6, 5.349506590136306
4, 2.869836132268498
3, 4.155515333192806
7, 5.419815414402679
1, 1.8162706145468879
3, 2.7544283602943507
4, 4.1972627801202025
0, 1.3356411428285115
4, 3.848888725104182
0, 1.0478125600317176
2, 3.458455381287634
2, 3.331726052325835
1, 2.782167073158363
6, 5.556656085492861
5, 5.522837800092874
3, 3.855162400317556
2, 3.2619522546899153
3, 2.3678393120121397
2, 3.269163155287093
1, 3.243281536143963
4, 3.711932880009105
2, 2.1863289788735836
5, 4.666879600450512
4, 3.965952826115275
2, 2.1992384880442613
4, 5.243898814426511
3, 2.6988541381521127
7, 5.656116194969056
3, 4.105383307189311
1, 2.990446516612476
4, 4.145819837246077
4, 4.308504979160149
7, 7.574120923430207
2, 2.2153426148181548
4, 3.8503429540732403
5, 3.8134373806633555
5, 4.527725001934646
5, 6.12053420691319
6, 5.439964412205325
4, 2.644980073232062
3, 3.030550252196678
3, 3.116756377232546
7, 5.091407591044507
3, 3.825442410394646
8, 7.134276969447453
13, 9.009418991571211
5, 4.01434520299641
0, 1.1708026909472904
2, 3.498910645523061
6, 4.841003351970289
4, 5.1275703707365485
2, 2.8970044160128867
6, 5.596367145265138
3, 3.8559047996589566
3, 2.9093494570068397
1, 1.7105217377114437
2, 2.067389882442814
6, 4.304119893031848
6, 4.813514320864917
3, 2.9110950843851904
3, 3.8435380684446394
6, 5.087562075432659
3, 3.856975022022333
2, 2.387305467260662
5, 4.655514433260155
4, 4.288547250409741
4, 4.516108058520429
1, 1.6769265006976448
2, 3.922074346243112
0, 1.5908817725799653
3, 3.037196177498233
4, 4.318826255707322
2, 4.338076317783041
5, 4.364331003368031
7, 4.962259904560321
3, 2.6905642441375384
4, 5.070725336507019
1, 1.2761249208813705
4, 4.202970104754447
4, 3.1115721740183457
3, 2.6431538333282876
0, 1.447627405138193
3, 2.959140670705948
3, 2.58779342270643
5, 4.825861218640947
3, 4.44939581859386
8, 6.70292291364445
7, 6.035514507522306
1, 1.835599552455315
6, 6.163126336092882
5, 4.992203005686163
6, 5.69472568284154
4, 3.7490188687658703
2, 2.8139209958107028
3, 3.7968810393150756
6, 4.261723723871759
3, 4.004079065041973
1, 1.9693669964145286
2, 1.6099149514143252
5, 3.7872221532167574
4, 5.473617892860377
4, 4.563723797479382
4, 4.5383543951664675
4, 3.5601082675360933
5, 4.479151853678977
1, 1.7742614626924071
3, 3.5405502386582217
6, 4.8242890722241825
8, 7.329517254701341
3, 2.5994011350933435
1, 2.559313029477819
4, 3.4029926468161604
8, 6.579743875126874
6, 5.215231751901149
7, 5.484563455662843
2, 3.061190528460648
6, 4.972588639252588
3, 3.4382249671086385
4, 5.642737084139104
6, 5.5610420749197
3, 2.388470760237144
4, 4.0161467653161305
3, 4.463246478818809
3, 4.856265530609843
9, 7.165503113342539
1, 1.7383843036791924
4, 3.9427648251687577
6, 5.36787944669786
4, 3.3284939947350614
5, 4.89950171430258
3, 3.926691030885291
3, 3.469091317470365
4, 3.659655609537294
2, 3.948156312196702
4, 3.7615029880990565
2, 2.742311421848022
4, 4.6246164926643445
6, 4.456223350964523
4, 4.218656009783005
7, 5.609914756454513
4, 3.385948186858112
7, 6.046838962783685
5, 4.56336589394219
2, 2.030315023362094
3, 2.560225794048292
2, 2.7229956108907185
4, 3.001716607949397
3, 3.210341608609254
0, 1.6042779508605045
6, 5.459845815531077
5, 5.236948546044502
3, 3.73801072697598
2, 4.706326916863023
0, 2.48380175166633
1, 2.2386610237005153
3, 3.2385998395673075
2, 3.448629708315493
4, 2.62495143604148
3, 3.6174734480125825
3, 3.5055845470916003
2, 3.6400838501326875
5, 3.2431610310206427
6, 5.826144851290574
4, 4.569504808855367
2, 3.538999396975169
4, 3.9796839606808256
2, 3.322489921128153
3, 2.7291731475537637
3, 3.9401547596725637
2, 2.540620627702335
3, 2.718215357800176
4, 4.00398817300105
3, 2.9806412277072596
3, 3.289354110589856
3, 3.4969245523889456
4, 3.425967480776399
3, 2.657327507632717
3, 3.7652833585308256
3, 2.389846664204662
2, 2.316187646836322
6, 4.949872625645916
5, 5.855160073651798
1, 1.9020892216776724
2, 2.8055021624417544
5, 5.690499816237454
2, 2.63879416956969
3, 3.5385633238500995
7, 6.346139341373107
7, 5.939037457442839
4, 4.602051317427987
8, 4.995381365487676
3, 3.4714452102049065
3, 4.128305114370884
3, 3.2753943631700495
4, 3.7910315551059623
3, 4.007310646384468
2, 1.7110788340992809
0, 1.0607552376795724
5, 4.582647186014681
1, 3.3341121533180176
5, 3.945183595675687
4, 4.8652833548747525
2, 2.9491962861870045
3, 3.8456643578259646
3, 3.0340344318510315
1, 3.160217127897736
4, 3.255036405823082
6, 5.352629839432146
6, 5.220628470264941
7, 5.8952789851008225
4, 4.676621016354227
1, 1.977835884453382
2, 2.1841597042935916
4, 5.062994596028873
2, 2.7696107203966944
3, 3.4701335881742783
6, 4.7126928173199545
1, 3.402648955354517
4, 3.7884198967447844
4, 3.871455563193005
1, 1.8379778871735872
2, 2.2369328784684437
4, 5.22515996361497
2, 2.9331179635354494
4, 3.8702546907782436
8, 7.023604114012417
2, 2.169930937807312
3, 3.3365565393361303
6, 6.089756703786159
4, 3.337903728535611
2, 2.706282738544911
6, 5.8149259812813385
6, 4.60801345642125
2, 2.759305769132294
1, 1.5462132892952667
1, 1.8302322207738293
3, 3.810813671400931
4, 5.940460357901014
4, 3.3484465866734836
5, 4.493177269210078
4, 3.998676704622798
4, 3.6873908773032626
1, 1.8890088394356015
7, 5.445930422909374
2, 3.2436094170666
4, 3.554716016958199
6, 6.15664889977861
2, 1.7393364282362689
1, 2.3490826911596505
2, 3.075515234981594
2, 2.3915298531616775
2, 2.445458236504991
4, 4.0341786612568855
3, 3.223289279002645
5, 4.29281376144178
3, 2.3476839139023484
10, 7.207698799211276
3, 3.6727737829134894
3, 3.5840734704621857
3, 2.358656815416632
4, 3.6503860329208315
6, 5.059770290542148
5, 4.708654600430509
5, 4.845879306019721
3, 4.206197322426013
1, 2.0306841006956655
6, 5.119327762687114
9, 8.325262443803277
1, 2.201569494351887
3, 2.9685190351720903
4, 4.451819009360362
3, 2.2479179120841373
7, 5.945871530906171
4, 3.4345454238431268
4, 4.008789222463271
1, 1.6193427584726137
3, 3.2743072784272464
0, 1.1272150498480649
5, 6.1792761265125264
3, 4.1579163613789065
6, 5.359251230566399
3, 3.401263155235758
3, 4.2191284952860535
4, 5.548509786052801
3, 3.154197628014654
3, 2.5648090132624075
4, 3.5871824557717695
1, 1.8676919201258917
2, 2.72136411042976
2, 1.842982429546228
6, 6.093122801887931
1, 1.8853642038182745
0, 0.8634805339147942
2, 2.5046592150982185
2, 2.371236067102044
5, 4.687461988945871
4, 3.4401647218476143
8, 6.808749498002085
4, 3.5397568558680037
5, 4.7186807028047895
1, 2.0146951056608478
1, 1.650047225867226
3, 3.106251851350503
2, 1.4198372090353837
2, 2.912585475053421
2, 2.547197212222228
2, 1.6776960246111898
0, 1.5916012967136914
2, 2.4829479974816584
4, 4.090738148043189
2, 1.6344990462924562
9, 8.315421473506474
1, 1.7441968318399508
5, 5.119569352115932
4, 4.172975737324129
3, 2.73045255449442
4, 5.007121607970961
2, 2.6160112549642776
2, 2.523775068242741
4, 4.234980173857839
2, 2.4975363154652257
5, 6.789505222987224
3, 3.7321890812370264
4, 3.843375502488017
4, 4.461812011665077
5, 4.632863755131471
3, 2.251516681317143
7, 7.31750623035081
6, 5.32250173768602
3, 2.936747390664244
3, 4.258548113686203
3, 3.099901438375185
2, 2.3619922302682608
5, 5.236831110446441
4, 4.6587936780274894
4, 4.6987190239615355
5, 5.1196542948487505
1, 2.4163629808779308
5, 4.413329603467543
4, 3.755716777853005
2, 2.708111263637425
1, 2.635060369487396
5, 4.318855537949313
1, 1.3477618610292341
4, 3.1260559653273083
6, 5.142456607052028
2, 2.40477178341136
2, 2.6506557316058488
3, 3.395433307986041
1, 1.7824890621464409
5, 5.653851395710838
5, 3.9625372580652156
4, 3.7507209541882442
2, 2.548766519679712
3, 2.578512917429464
4, 3.5192184921999417
5, 3.7706512088335455
3, 3.638576950620608
0, 1.8305824813845728
5, 5.096147680710614
0, 2.2802974513045458
7, 5.680408077232229
4, 3.844098125132279
1, 1.6410151698392021
8, 6.067077491125343
3, 3.87165001210347
2, 2.6072753733175196
3, 2.747962473515146
3, 3.882126114110537
6, 5.723254834120633
2, 3.1856159598969955
4, 4.258671632415654
3, 3.257344486632601
6, 5.127741000496347
4, 4.238660477348126
4, 3.205917401886463
1, 2.0585681710832646
2, 2.5836436579347666
6, 5.706485465797348
1, 2.3195523080237983
1, 1.6903137976051283
1, 2.3007036096780893
8, 6.833915984433848
1, 2.0763566059374297
1, 1.6792674305126838
1, 1.8190752462393078
2, 3.3276905247625215
6, 5.118596354507297
1, 1.495786147975561
3, 2.6509241595961406
6, 4.909772731707565
4, 2.9325172347382087
5, 4.002960346575566
6, 7.381746773632045
3, 3.4027883667038936
3, 3.202162462816523
3, 3.49479225539961
4, 3.566037289532957
5, 4.370405862682489
5, 5.748677359658124
5, 5.561768395224378
3, 3.579385401489732
4, 4.895982599016442
4, 4.359979662617187
2, 1.9151259474166182
2, 2.3580378066882965
3, 2.711211526665281
2, 2.230021099402704
3, 2.7991147459888643
4, 3.329223747852261
4, 3.6517440027982495
4, 5.2899400399933185
1, 2.2801455056642888
2, 3.132362019166867
2, 2.412359541009037
2, 1.9280814311832335
6, 3.9194865851404157
2, 3.348462265674192
3, 4.136939750146225
4, 3.764056193655145
3, 3.245018781814676
2, 2.4071714826524127
2, 2.9344029019213687
4, 5.178505582961814
5, 4.606606912053091
2, 2.55763199065851
7, 5.671454871507994
3, 3.0914463401668777
4, 3.8115842219579874
4, 4.4991575427971675
7, 7.562753758091337
4, 4.041233083993798
3, 3.1865625014836882
2, 1.9554728642900654
5, 5.217332106252543
5, 4.563434035599544
3, 3.795019810325732
1, 1.339432442085634
6, 4.810648506811004
3, 4.128700114953636
4, 4.354841370314142
6, 5.172102791187409
2, 2.925125434272712
1, 2.928789100990083
5, 4.823025396945023
0, 0.8719021556621739
5, 5.1628025667706865
3, 3.457737474359662
5, 4.525278628007097
8, 7.4352225293860545
1, 2.916726757352804
6, 4.99689761721234
3, 2.868803362351368
6, 5.544612121381488
3, 2.5666894688129953
6, 5.5518933094387934
2, 1.93989680754553
2, 2.4933141918755495
3, 4.71241750639966
8, 6.802390959863137
1, 1.6579406790607438
3, 3.4588949017879593
3, 3.2938093629791347
1, 1.6977754475038433
2, 3.124572348921842
3, 3.8256055592527516
4, 4.756736428808995
0, 0.732094235464278
2, 2.1361180723938085
5, 5.775393429116563
7, 5.856365079833093
5, 4.388919356603356
2, 3.587351041803472
1, 2.3857009472630426
1, 2.2987830125777946
1, 2.1163815952428564
9, 6.7714699027690015
3, 4.283413572852946
1, 2.2387619045944738
5, 5.725203995536565
5, 4.400876835425519
3, 3.098164531534232
8, 8.060569458449429
3, 3.7110864574651607
5, 5.986248483261294
3, 4.14896934264382
3, 1.8428776529908903
2, 2.217836024380631
6, 5.235871538826484
7, 7.393414320787051
7, 5.48567349687649
3, 2.9094459314410823
5, 4.701986679575085
3, 2.864762857088311
4, 3.7853703178563562
3, 3.03918759980858
4, 5.153564308166781
4, 3.805622402343705
5, 4.688679347414615
1, 2.3159157875171132
8, 5.7476741364077295
5, 4.821104518375312
4, 3.989229097330369
3, 3.843792126450977
0, 0.8408074375794459
3, 2.9786311592691024
10, 9.12529735515193
4, 4.300315610918897
6, 6.5860250500376045
4, 3.497553965970731
6, 5.338888281025895
6, 5.71408524063636
6, 4.983401707756271
4, 3.9967808412314425
6, 5.980344884693094
6, 4.463489801926002
7, 6.669308542545284
7, 5.6555324641587
4, 4.384309764457313
2, 2.869529927216489
6, 5.932152032489857
5, 5.3372414550753735
2, 2.880988388808501
5, 5.718582028962373
2, 2.7240112282192612
3, 3.1555425573373546
5, 4.535948285662231
6, 5.635121071623725
4, 5.182939353015567
2, 1.9956036342156334
2, 3.014294058528814
4, 3.7563227767786467
2, 2.405109536015297
3, 3.2495843552594987
5, 4.585116311554895
3, 3.887876830010191
3, 3.6691670783466797
4, 3.757569882725241
6, 5.780915624982675
7, 6.833494362324139
3, 4.151453760302814
4, 4.077634753074492
6, 5.074819096658563
5, 4.690155015712839
5, 4.597632771325288
5, 4.358877459955573
5, 4.814388246058903
3, 3.9201675921005332
3, 2.8540970671109807
2, 2.2406856278104406
2, 3.1565828729973475
4, 3.6270195615811187
5, 5.036504181481379
7, 5.568123068331469
3, 4.308918487095982
5, 4.119707968103921
5, 3.9105031871062264
8, 5.80222564868132
3, 3.248865948564787
5, 5.060763099779661
5, 4.342122148583313
4, 4.297653249834329
6, 6.381338802490412
6, 5.155735910166705
3, 3.2796590210588836
4, 4.049216199135752
4, 4.452410342961412
5, 4.676888848974838
2, 3.916759523745296
0, 1.603575834207991
1, 1.4492679883504382
3, 5.492161376933148
8, 6.368209863447732
5, 3.6916484201814828
3, 4.051025179980814
4, 3.604416521253748
3, 3.0453303644097214
3, 3.210715182972348
2, 2.63161037109318
2, 2.24366126618234
6, 4.856203683921125
5, 4.516531023565729
5, 4.431775655848855
4, 4.623001411372586
3, 3.232675380861558
1, 1.4637469166936827
4, 4.639494824192099
3, 3.577859757988823
3, 3.4053177774982806
4, 3.638007562856948
1, 2.0977218488481433
2, 2.9998429237800215
3, 2.94685081579009
4, 3.326504527142405
6, 6.272684018248044
2, 3.942647175229523
3, 3.8984921294268937
2, 2.9629101902894095
2, 2.9311083971428937
6, 5.698721799985098
5, 5.853901512587641
2, 1.8290245614840106
0, 2.502320140033867
2, 2.5049149516937437
4, 3.488119046439992
4, 4.703441351426407
4, 3.3956658642522823
2, 3.835506078164143
6, 5.179736047465631
4, 4.0198442149916085
2, 2.8603057239327754
3, 2.5253688013392344
5, 3.9341469625765297
3, 3.7509792271082114
5, 5.4235324811415575
5, 5.106814562889422
3, 3.4294247923891783
1, 2.0947253427392063
4, 2.9281690030352903
4, 3.8074531649341106
4, 4.142134914775424
3, 4.870171693922982
3, 4.206088654659036
3, 3.116612716782982
2, 2.1336904017818403
4, 4.380290331170643
4, 3.7580008040833732
5, 5.385233754526
3, 3.6707497442801067
3, 3.269085552543919
8, 5.812847070874229
3, 3.2642308481284856
3, 3.2618884317821193
1, 2.9072173615424934
2, 2.923213242842763
2, 3.5658351411974407
4, 3.803722890023125
4, 4.081577317911879
3, 4.047032358403018
3, 3.6165130222476067
3, 2.7481627110331095
4, 3.288230124535364
0, 1.451637109369075
3, 2.423200098622625
3, 4.2919050999296555
2, 2.82983194847545
2, 2.1399304029941963
4, 3.4378712252652464
3, 2.4633738614575384
7, 6.08038239078818
4, 3.3957418894232347
0, 1.8567072332213646
1, 1.52654271803361
4, 3.8766529390629056
3, 3.704335715945541
3, 3.8564251882763596
3, 2.6199531915893193
7, 5.043185329149777
2, 2.2483601540135214
2, 3.5295678204152656
2, 2.1588997780321204
8, 7.908933111558041
4, 4.261649072359891
4, 4.201116391396475
2, 2.5557131216346662
5, 5.125374067579842
5, 5.166354042958104
4, 4.330049763269886
2, 2.159017696110118
2, 3.3966500813088047
2, 2.408892907609178
6, 5.650652839714176
1, 2.2902092575024104
5, 4.717788826553213
5, 4.001308592354846
3, 3.5303428056837687
6, 4.892125494221671
6, 6.38247909570398
3, 3.6140351981800527
0, 0.3904274566823094
10, 7.670599648196095
1, 1.3058917048715604
4, 3.7532791829185013
2, 2.336014394179888
2, 3.120121048305097
9, 7.357888370637338
5, 6.6216661863125745
5, 3.2944358029997467
5, 4.294626549778033
4, 4.417167343380817
2, 3.3957086140572317
1, 1.6967563895114437
2, 3.1535577622726936
4, 3.4819856996837606
6, 6.281539180756081
4, 2.874755258684509
3, 2.6574245292967182
1, 2.325374363116986
5, 4.095236870928646
4, 3.752769785864871
3, 3.6209690403202632
2, 3.515818945386576
2, 2.902607110460518
2, 1.5966315903954515
6, 6.10071434097872
3, 3.840857574335768
1, 1.782918626128029
2, 2.585722893980771
7, 5.353326731612636
2, 1.7538565063665565
3, 2.7966717411946145
2, 1.7958368175627009
4, 4.135575392017016
0, 2.12899124182006
4, 4.321194645527834
4, 2.972102921543814
4, 4.062269427183659
5, 4.099868997792754
5, 5.0948417592854165
4, 3.8374670865293106
7, 4.102975248095466
3, 3.3589903586191445
6, 5.887777693835521
3, 3.2031386189950806
2, 2.747194257397863
6, 4.090561329475877
1, 2.9300345463339847
3, 3.6797551275504965
3, 3.590297005840963
0, 2.1254419387324095
2, 2.756898158233509
5, 5.534481399367321
4, 2.8554794223436404
1, 2.0430491663363233
1, 3.498288846433746
8, 6.558453978178385
1, 2.0232041650870642
0, 1.7729145868455496
3, 2.4469949547218968
8, 7.744633617865742
6, 5.02800339657419
4, 3.2611100634407904
7, 5.812546623766299
3, 3.058206511821605
4, 3.6120120997487595
4, 3.6147595538824344
5, 5.156841599344927
6, 4.471962811887189
1, 1.7136496072331475
4, 3.5915116133223317
8, 6.524416460171523
4, 3.499666537852718
3, 2.6133062859400042
5, 4.093278020630896
3, 3.9830890072471816
5, 3.774466531727643
1, 2.060602261968718
2, 2.860437638008857
3, 3.287732546833404
1, 2.5247836928639353
4, 3.6775651939742335
3, 4.23067324375206
7, 4.869661548280472
3, 2.928652531038748
6, 5.164242798897556
5, 3.9446550642989386
5, 4.6909134093824925
5, 4.273392425217023
3, 3.6284296428645324
5, 4.908367605570394
3, 4.1160075806564835
