Threshold, Curve
23, 29.658483498983603
16, 23.377186456329483
21, 25.355743129167376
29, 35.138053926777836
26, 30.740304698120728
27, 31.089709370817864
15, 20.787844981227746
30, 28.493372382327802
18, 23.119387179614783
12, 20.189763462003068
23, 27.780016258627004
21, 29.395467573714235
32, 34.29295795043472
28, 33.042989734511686
16, 28.97050111892331
15, 21.780046594360943
21, 23.625468889581473
23, 28.630038581919024
18, 23.35717569434977
20, 24.306994411440453
26, 27.511031692996657
13, 21.21584903175567
14, 23.898515196886983
28, 33.04925986451811
25, 32.43408385286674
21, 26.82000742357896
26, 26.917477491185753
15, 22.923344107666516
15, 19.956255527696893
17, 24.414404947296415
31, 32.253276100930044
17, 26.647883181464824
25, 27.19484868430883
24, 27.333225752955215
27, 31.446989378356875
21, 30.105252366080027
26, 32.67711466741762
25, 32.278778240599415
25, 31.218969956462363
21, 28.212922791131536
24, 27.244534229714514
26, 28.197923753917877
23, 24.102865231869316
19, 22.52019738330543
27, 31.798251915799217
28, 31.35797323045679
28, 32.802301631313846
22, 31.61765086484194
23, 25.851901395130152
24, 29.321097864840723
17, 25.834570983381205
25, 31.317041898917903
27, 27.134624170873224
24, 29.112924328361125
20, 28.627900955233503
29, 32.29637825823779
19, 23.505482759009514
14, 22.01789649661965
20, 24.96057308911975
20, 24.787370497085593
22, 30.28249993816179
7, 17.950923236132066
17, 21.180526716401683
21, 24.815361610867114
20, 23.829864846460787
23, 29.41026390197326
32, 35.262019828611955
16, 23.35531275062894
19, 23.454384815655008
22, 28.01072874408308
19, 24.783259713831598
23, 27.591558681092163
20, 24.61919675353267
26, 28.819758741044325
22, 25.4436820874882
24, 28.11187574557897
15, 22.139765650516008
26, 28.823289029950757
25, 28.046116143658452
31, 35.625971544178725
11, 21.388515587540166
28, 31.193781746158706
7, 20.47982978903193
24, 28.182164567997198
22, 27.09929507080278
27, 32.73606347118785
14, 22.24627065440317
17, 25.105477825229016
26, 31.91793327844736
22, 25.858714866190933
23, 30.385509842193812
25, 29.674077828611644
23, 28.758120904668537
35, 39.203544668422445
29, 33.06494447383551
24, 27.19335664910122
25, 27.4562229428407
36, 36.126879666142116
31, 33.3651265982937
25, 27.039589890213644
30, 30.85066296854395
30, 33.997794467941816
23, 30.28433471193958
31, 36.37020324063922
23, 29.352396029842023
8, 20.11420398545849
24, 28.986515883185717
31, 36.39958762173016
13, 20.16803606117466
27, 33.42781114298721
28, 31.964297231935074
26, 29.763498200672792
18, 24.249162137461937
25, 27.08899590460955
24, 28.961456389541304
34, 37.262157249058376
26, 31.999418148603958
32, 36.2450989641295
24, 27.593764911851395
24, 32.00327273215139
22, 27.438706755588836
19, 26.513661566219675
19, 23.792396129796632
26, 28.676748205660825
18, 24.514488378291897
25, 29.258668948474202
25, 28.268852768706136
28, 32.21854158554638
31, 33.85301836973153
19, 28.161512831261977
20, 24.80013644508108
31, 35.14669267483997
24, 27.198359948170857
25, 29.381581280778395
23, 28.912704764306962
20, 25.349810967829686
24, 31.17287773844384
24, 30.595965171336147
30, 32.05046042784608
21, 26.67669523977739
25, 28.798535324871374
14, 24.933754925213734
24, 26.704366032978143
23, 30.346433054979773
14, 21.564495626143785
20, 27.37356714817302
21, 28.473321617861615
17, 22.056805327301888
17, 25.404408304745576
25, 30.96772201315979
18, 25.432775183381676
17, 29.096115471725618
22, 29.612448900107776
21, 27.140981429704834
24, 31.52656881128962
26, 33.36767214304251
20, 24.72527716733458
30, 35.56477791246607
25, 31.68408256283111
18, 24.250790076501733
26, 30.506339544946464
24, 28.41547454212841
25, 25.350932460159836
22, 25.873066867507763
9, 22.353606339398766
26, 32.03456316835017
18, 25.804150466439133
34, 36.196302936208966
23, 29.903585362960804
18, 23.012891800360336
19, 22.851257177214812
20, 28.280802723497533
23, 29.272722410225885
14, 20.19189770145409
24, 28.593187157211215
29, 31.92670206126207
24, 30.408367274821863
25, 28.11672114322083
17, 22.102092292290106
27, 29.312591535940278
30, 36.241054410354664
22, 27.28276838030178
27, 29.864073517069198
27, 28.378043937692777
23, 30.438002234954602
26, 32.986705666142136
27, 30.38965792782839
26, 33.04675297408997
16, 24.465687550234485
20, 22.503472009677623
27, 33.98071532950533
31, 35.54268799394743
25, 31.51053060576052
19, 26.039487073018286
22, 26.49748642330434
19, 24.180813440490066
20, 24.825778499771857
17, 23.38079278310159
21, 24.06973064363837
28, 32.558749135306996
19, 23.622481693642218
26, 30.77073761577925
30, 31.54757212426844
22, 26.39627286433989
22, 25.296005971947622
25, 29.879642600658002
29, 33.78638036320903
28, 30.427950589724468
25, 31.06689531736172
20, 27.344541531557017
24, 26.719184471146843
27, 31.024392623406012
29, 31.732923057368453
24, 27.77495697056636
24, 30.156081983260044
23, 30.480265196273894
22, 29.14302298004558
28, 30.990227769388323
21, 28.69554230338899
27, 27.774980078400834
20, 23.125402746046557
29, 31.89589850959033
21, 29.82175591505464
18, 25.023253205122135
30, 33.78898249594267
19, 25.945234643184147
21, 29.774606072693732
18, 28.685465396832587
15, 22.027605539232674
21, 25.66282523887735
24, 29.54785140983367
17, 26.080685406793034
21, 25.694841821097793
34, 37.64349299938429
32, 37.76535446527163
19, 23.18521548532139
33, 36.610087771599254
24, 32.27508367482986
19, 23.87582878363866
26, 28.538357102519413
25, 28.72777757116896
18, 24.935046483098542
15, 22.61679540884154
20, 26.356522183328835
34, 38.041191966139465
13, 20.77889333261584
15, 21.310931819689838
23, 30.450923124729126
25, 30.469084248026036
30, 31.27134339488821
20, 25.31843769300512
27, 31.435975702412854
22, 25.741831171618145
18, 22.57944432025174
27, 34.39586323250278
24, 28.775645376373944
16, 25.107278725742272
24, 29.868823796653768
23, 31.44096325750027
23, 28.395242560968768
21, 29.066941611861274
20, 24.02169689090631
26, 28.4334188626439
20, 26.88763113103367
21, 27.58632147418474
18, 23.39462076966042
24, 26.93496276006782
23, 26.600769322706267
27, 35.83160766836386
35, 38.07235510446882
29, 33.028868665123895
17, 24.108447017219834
26, 30.286479403345123
27, 32.55662860241147
22, 29.255131604328955
16, 24.475380370726068
18, 26.94318417753897
26, 28.313705842807515
27, 30.225315821018523
27, 32.23176956552858
18, 25.429588912533553
28, 29.52933234441898
16, 20.135936480396033
29, 32.95012755726952
26, 31.808676839246036
15, 24.256445625017218
27, 29.503681164228464
30, 35.25138403252329
17, 22.999527379291706
25, 28.926538271249107
33, 36.49309038494909
21, 26.299424971754675
26, 31.908474019133905
24, 30.71320313162568
26, 30.738564176497814
30, 31.632327241327545
25, 31.39502189537603
28, 35.15209145440846
15, 19.43739824704971
26, 35.97580512530525
29, 30.890014399645047
24, 32.041694100850975
19, 25.822725782355757
23, 29.40776512031535
31, 32.00331520390151
25, 32.03572045181417
17, 24.859461250125182
30, 31.567567238663727
25, 28.53457171356454
26, 31.113784566391022
27, 30.60472974563856
21, 25.867927054635018
31, 33.18095812179181
19, 22.338597047772215
29, 33.91704253511194
24, 26.651095091829585
31, 35.819513299860596
26, 29.986031719045837
25, 29.176297834253003
27, 31.489573394675435
25, 29.406215330461343
18, 24.015089038308346
24, 26.78247677828764
25, 30.46900293428755
23, 26.73906243325634
30, 31.626198881416858
34, 39.96901298045774
19, 25.295899836273495
31, 31.174508739820876
19, 25.08440738587391
20, 29.252501480606657
26, 29.197290581039976
24, 29.04255616878241
27, 31.950792877891438
19, 27.46535604948468
24, 29.654633151014114
22, 29.603153215661134
22, 28.386692769373827
25, 27.70194643415294
14, 21.755695509048326
21, 30.275569999102416
29, 32.63507193602551
24, 28.588379042475328
26, 32.986805760378665
24, 30.451131028860196
23, 26.448565692822086
24, 29.27797665369464
25, 30.663531746847717
27, 32.44081525557956
22, 25.20251455064755
25, 32.52267741492886
24, 27.39708153442847
20, 26.761151298844805
22, 29.84179383371519
32, 37.50359413782258
24, 27.334770095156884
18, 28.857228172641477
32, 37.738333662386445
26, 31.855448105864923
24, 27.40091134330171
19, 23.13882235356151
32, 34.334963239834586
9, 20.80218685461473
21, 28.540191599534825
25, 26.960898293892786
20, 24.451189680335197
32, 33.316410150046345
23, 30.384005339153447
25, 28.7325642092319
30, 32.210848219745934
22, 27.26254925551286
25, 29.330910183814993
14, 26.129472264690367
16, 20.858994239961184
24, 29.518511278325175
22, 28.772234069728317
22, 26.68926175221386
27, 30.81378677867434
29, 30.526243119295287
19, 26.599405685643145
21, 26.1572616116989
22, 28.659741447912186
24, 28.36168034840095
19, 25.4215117300512
21, 28.905955563115576
28, 32.920559005103726
18, 20.944559225403165
24, 27.37983470089892
25, 30.80905613427781
23, 30.16178243328918
19, 24.086786146916392
28, 32.57165059489767
31, 36.409807103318
20, 29.58347757636659
24, 30.712263520367085
28, 35.15368851879474
27, 31.588581901229006
31, 30.331779678800476
21, 28.859253972361657
18, 26.59615396482118
28, 30.432417332660492
20, 27.928869500148608
26, 33.37893604845292
24, 30.325380279544966
24, 26.004138555280086
28, 33.29175075966489
17, 23.469713767245473
17, 21.75243382734724
24, 28.25696129382772
21, 27.22919377128601
20, 24.73530040757039
25, 31.640942507778355
23, 26.59117344588558
29, 32.01165971678314
20, 25.268261128127907
18, 27.904203219346243
31, 35.715916743447025
21, 27.268056141390986
27, 32.52211557269504
33, 35.47565507661928
27, 30.722280816974326
21, 26.530818554598014
17, 23.513164333866182
21, 28.405350693833704
31, 36.232775048995656
17, 28.32292354716231
17, 21.190990758037376
18, 22.32974125972627
25, 28.503719565698376
21, 25.68332620171434
25, 26.222502362693664
24, 30.313931572124083
19, 24.768147533191367
18, 25.983955922542734
27, 30.724804713028156
21, 26.78159731303258
17, 27.841481698259525
19, 28.800663480970975
18, 21.318300447017727
18, 27.0765616724748
20, 22.453273199560694
35, 38.311969130907706
21, 30.431339324517467
27, 33.26215910913217
26, 27.328784752421775
15, 22.183642626350483
20, 25.365891043011107
17, 26.459822711132997
26, 28.160577437749158
20, 27.2091792746928
27, 31.173567853057918
30, 33.22037187092573
22, 25.385520901185956
21, 24.94562322866046
26, 28.554250879890585
24, 28.33289731801562
24, 28.921557184424135
17, 23.97117296891516
27, 31.06919847047876
28, 32.708856879638205
23, 31.72618331381038
19, 25.593767554331546
22, 27.852562488600064
15, 22.986139001346007
22, 26.535347601257133
14, 21.46854386923733
23, 32.29261135273525
14, 22.098552875089872
35, 36.33418782803703
21, 26.494400703085567
25, 25.995501226669237
18, 25.69118162203532
26, 31.923625518223712
25, 27.834445175770533
26, 26.823238062056472
26, 28.71983070197554
20, 22.279803767681205
20, 24.982998232775408
21, 28.946645587575393
26, 32.614419599647064
17, 21.638449676603297
23, 29.383555678117578
22, 26.12811810139022
28, 32.218452746316046
23, 25.992806983473386
21, 28.620882347012056
36, 40.26145976886936
26, 31.55425475633651
23, 25.091363440002947
21, 28.303994676159224
13, 20.23687665459472
21, 24.761674423981646
30, 29.3346989980718
26, 31.970865125760223
31, 31.563566181786324
23, 26.879236985247317
22, 27.380561439964065
24, 30.584087337730246
16, 22.839377882591407
25, 29.81748019351715
25, 30.966096089754217
22, 26.378417904096196
24, 29.655422317072674
23, 30.965510504203472
27, 31.746877555877983
17, 22.8232376214474
21, 27.231644161938004
19, 27.578433727105878
27, 30.483481416041496
32, 36.66005067402454
19, 24.335638219007524
26, 28.848176976464988
20, 24.24277970132524
26, 32.746180417536976
27, 30.785515791894078
20, 24.040460140864436
23, 28.702685062469214
24, 28.575272691973403
23, 30.677689345592622
26, 28.944661203944086
29, 32.22674560020986
28, 32.84754871271257
18, 20.146292471117736
16, 23.307955936953796
23, 26.27631385001906
26, 29.708412573455103
21, 23.898825085903653
27, 30.925717175185316
26, 28.65427292548047
16, 23.599769540875723
14, 20.285980775186342
26, 30.820884683114063
20, 26.28094154000695
16, 24.24242184908578
23, 28.211913407938447
22, 28.575489470795343
19, 24.547824210994467
17, 23.417764593938703
24, 25.27336250724231
19, 26.66224191770238
27, 31.886915363103338
21, 29.332676688261586
22, 27.751351125589697
32, 37.05559389214287
30, 35.73217254351285
15, 21.75154386735732
28, 31.070143478016085
32, 33.41179845470958
28, 31.678546104018455
28, 32.80231832241689
18, 24.539809967228127
24, 30.112462136016784
23, 24.363478552375362
21, 20.696084237561042
32, 35.40273960656902
22, 25.82506119752803
26, 34.26574862569736
21, 26.534381616721156
22, 32.61876938245579
19, 26.43203042893741
20, 27.933077034652932
24, 30.497354416673517
27, 30.314654042412695
15, 21.755186290991517
25, 32.43222818480522
28, 35.53979365341843
22, 25.703592926044294
13, 20.02354398835145
18, 24.157453700546345
21, 25.5154518653878
30, 33.55281916565446
26, 29.815529677804978
21, 29.72308036965328
23, 28.14977358191581
25, 30.548310449696036
29, 33.30903420331002
32, 33.34111162852553
19, 27.19197126981146
27, 30.324607760634404
14, 21.088665823171983
24, 27.798878275555307
31, 33.66691098277313
27, 29.750965605125735
28, 27.11806624784195
20, 25.92922449736626
25, 27.363444389902398
18, 27.81057939101391
19, 23.52300253577591
27, 33.86814832567243
29, 32.48623000339059
30, 38.5711411863748
16, 21.303309515700327
24, 33.35969539348535
31, 37.33872006602316
30, 33.22529921804495
24, 27.01200188268083
27, 30.520820731903648
22, 29.63466581390958
26, 32.55616279587822
16, 23.47429487301836
19, 25.34650701057006
17, 22.676626430776857
22, 27.32085880031103
30, 32.8320964216589
27, 30.98398826716468
18, 24.12509300821534
23, 32.98955398589044
21, 27.11813647770629
20, 26.187749381727595
24, 29.955739899772432
29, 33.84234779287348
29, 31.631514083139532
27, 29.763915927706478
28, 27.03859549466936
19, 25.381964964017875
25, 29.36261756526388
13, 21.490069000926038
22, 29.73778940819915
19, 28.407182932482407
29, 33.40022157182355
36, 39.11918900082644
30, 30.03840212271745
24, 29.702204123909567
23, 31.668877430330028
25, 29.93044634469021
25, 29.20752724012985
29, 31.23942472376545
24, 28.650705574679428
30, 38.88245644806617
29, 32.39989493486291
19, 27.487890475999556
20, 27.956646043065465
26, 26.668227039885505
25, 36.550638787320196
12, 23.30510553524775
21, 25.38591385237636
29, 31.88706278664436
37, 38.88428788379974
23, 28.311202442489304
21, 30.748159342491743
30, 33.00148806368993
34, 36.10981322836966
18, 27.950631192180676
19, 25.6073754884818
20, 22.496542498374417
21, 30.652233996007407
15, 22.329693329630487
21, 29.06196287393591
22, 29.249068050016156
20, 28.836590339049522
19, 29.19275344071073
28, 32.095902911586386
36, 39.26485077652238
26, 33.39372466471806
18, 22.93741043223811
19, 23.502223909895974
24, 31.007016456026257
17, 24.87318996951688
23, 31.61554791582129
20, 25.870869364141935
18, 26.30489401139986
17, 23.235906818479425
21, 22.492946503790854
16, 22.88643504115636
26, 28.817572267156237
21, 28.572303453617405
21, 28.016365332394457
13, 19.93211497649162
26, 30.93235831299609
22, 25.687518052514914
13, 24.12318783547464
28, 32.09138319912321
23, 26.4746540196863
30, 33.29526311235994
27, 30.42533939656653
24, 28.035528001288316
21, 26.74359105179923
18, 23.378940840978974
29, 29.022057430421384
21, 26.390502888236117
20, 28.892008927838027
28, 30.69062171414042
36, 37.33293162815618
27, 33.25337163360066
22, 26.084053470383342
20, 26.607361465551488
12, 19.00764462741251
26, 29.90311753949714
17, 27.286779587836953
24, 30.01304956017601
29, 29.426264822276835
18, 24.652844501872075
21, 27.461544897555367
20, 29.379196897719478
32, 32.61908101746041
21, 24.995042078705723
24, 27.184410553777358
17, 24.973436530379352
18, 25.747671561616446
23, 27.11567247429253
24, 30.25810998461425
23, 29.600118974542365
11, 19.11024491239228
24, 26.67626092328012
34, 40.634236092370706
23, 26.1011711476152
28, 31.477981327019535
15, 23.277671314555818
24, 30.957626762537874
26, 33.66440196465534
32, 34.769554265962945
19, 29.15228233457069
28, 33.695645549150534
21, 24.91555122188343
22, 30.25054077939105
16, 25.39377542202841
22, 26.53124059421618
21, 28.278990205038127
21, 26.504467082203195
20, 28.273869731374234
19, 27.336079221785955
15, 26.077905654169683
26, 30.603754226509086
27, 29.450299305706253
27, 29.3759826501968
30, 29.96211609695
22, 25.847505011361818
19, 23.022565101445995
30, 32.93040356577893
25, 28.469680733801237
33, 34.521239744070705
23, 25.66561218192123
20, 30.505325315285774
20, 25.782669719132993
30, 34.130242540749464
27, 33.89695731529385
32, 32.41329033941455
24, 27.91441447792461
20, 26.413874105235845
15, 22.070640187980768
17, 24.154788879881593
34, 33.66834478552983
24, 29.231186139260057
23, 28.214521235860108
28, 34.94801471794244
27, 28.194470317125912
19, 24.225913735697276
18, 24.19071747508869
27, 27.945770645454697
16, 20.873018776710797
24, 28.441520661214692
21, 27.08131415150718
31, 32.14587466428125
29, 30.325351978432305
19, 26.411489194399245
32, 35.35050921790139
29, 34.15621767191151
27, 31.1729711506165
25, 29.811869327214353
27, 33.476834934543874
26, 34.30299506159721
21, 30.63121095864746
28, 33.97376969174506
29, 33.65997526602745
25, 30.360802802131058
23, 30.118562984662432
31, 36.35945197122079
15, 20.792733166667038
34, 37.91549172309186
16, 24.425991051368946
19, 25.90763373934818
26, 29.416725540977797
18, 26.190043093918238
25, 28.910836294324493
27, 30.771722253456396
21, 28.617994393510692
26, 32.97304507731143
20, 26.227801857921413
24, 31.101261746262228
20, 24.199587269123057
26, 29.25119276079276
26, 32.34995346014861
28, 30.100433850112214
28, 32.61206920216794
25, 28.03531104417285
22, 29.559335652770702
24, 29.600173758832117
19, 25.798094525071544
19, 23.76179412085006
21, 24.635074225666646
26, 29.071796986349167
22, 30.35176939668527
27, 28.294644473682524
21, 27.08599906577358
20, 25.95466366272148
27, 31.002893259305623
20, 26.607861155314744
31, 37.23520815156898
18, 27.37989136249366
20, 26.996396748715938
31, 31.437351360580426
21, 27.409963990753475
33, 34.133124852234324
33, 32.413391795483186
22, 26.364961723718828
22, 30.04094698178369
26, 29.813019930600394
31, 36.17830881285244
24, 30.464216387231545
17, 22.38926437931585
17, 23.435923215825138
19, 27.243228761634928
33, 33.42460462806277
22, 28.28317952054658
22, 30.735779757315246
24, 27.345806761566084
31, 35.68694348178325
19, 27.46239852975386
25, 30.358173390678584
22, 25.307404857034076
23, 27.27505567175232
29, 36.013955310070806
19, 28.30582421378754
28, 30.75948475783154
25, 32.69863541039765
20, 27.914460140538726
19, 28.215012547369263
24, 30.030056672553652
24, 27.608454593916655
21, 24.208971075491704
34, 37.30163872911754
25, 32.13100773173772
25, 29.383939235444597
18, 23.450201143780536
14, 20.880155110780287
20, 26.10269656304975
17, 23.34462820184371
18, 22.933427534864354
25, 30.701196728014235
18, 24.725358825548707
20, 25.68704226883216
22, 27.651918369672362
31, 29.779000440279205
25, 27.5490415857738
22, 29.271801921872992
20, 27.631299100009944
26, 35.15195176331968
19, 25.660485750311
34, 36.473925029353104
31, 31.81545340700558
24, 30.888266812248972
25, 29.661537210588374
27, 31.499697496017426
23, 25.80285247219352
15, 24.104058241792433
23, 29.533514453353593
14, 19.836196492310187
30, 29.194657869285077
27, 36.28169264993637
21, 25.112262613338434
15, 22.747710029377608
20, 28.421064836075956
37, 40.50330806125078
26, 29.935375542934686
33, 35.86332308939621
23, 28.31835049294436
23, 29.431902020887527
25, 28.655232349372117
24, 32.1657463527797
27, 30.36459446129527
23, 26.879424350886627
22, 24.98209746304559
29, 31.277707251871863
20, 27.321556472471833
13, 25.86548306163297
16, 22.18409938693472
23, 28.86523223304506
28, 32.15298537421884
17, 23.84772655255443
18, 26.46565409073059
20, 28.760719776637387
18, 20.220547158983564
24, 24.08343902963179
35, 34.405917043328955
31, 38.84413690168105
28, 31.605571096121327
23, 29.04877008084055
19, 26.055852857238882
30, 34.066612659250005
35, 35.38491581611913
25, 33.90722967981223
28, 33.55895844668762
32, 34.4419542506327
24, 25.516105771032088
20, 28.469772688129385
31, 31.866912708145804
27, 26.7999689181626
20, 28.65059618307218
26, 32.353925043399876
16, 23.823681408769982
21, 23.13102681793106
31, 32.47629111029561
39, 39.76404967324921
39, 37.51562433521864
18, 23.941396525760826
30, 32.873842777435144
28, 32.44999704325036
28, 32.438920849955835
20, 29.489192943098345
26, 29.610727736648982
19, 24.059577091450304
29, 31.079324805159146
27, 27.45528142631515
20, 23.115068907401476
11, 18.940987801950346
19, 22.58055574017546
22, 29.681720821226
26, 28.769084922481827
15, 21.05861684062208
16, 21.476046411945585
19, 22.443776186604104
22, 27.805470844769637
18, 20.90843502023238
25, 30.19344533711391
33, 33.43298883730652
33, 37.84099629991586
21, 30.407945719910547
27, 28.85533455351973
31, 32.834525883838616
16, 23.66616417775106
17, 22.7745182325048
23, 26.91234233595396
32, 36.40472897107339
26, 32.45458537007056
15, 24.235610177973697
20, 25.46767867608508
29, 31.818680032449542
30, 32.52581100034378
25, 32.07436843087899
22, 30.38910204402244
25, 27.89955213275071
21, 25.541372515541273
21, 23.426443025400992
23, 28.296186997913786
28, 32.34280927589709
28, 32.04320539048649
23, 29.254671679237124
24, 29.847239673226625
21, 26.240017721271965
23, 28.090039024569933
16, 24.976122144543595
16, 21.11058930119976
30, 32.853638913023175
30, 31.046331435907227
19, 25.102206101823928
23, 33.39724065237663
28, 34.006534161527156
14, 22.09984363516322
13, 20.60613909932072
30, 33.72558538374076
27, 32.39551728785015
23, 25.51832075592275
20, 27.99664256785828
21, 27.03464714877054
16, 23.86316907838718
33, 38.800193353144465
22, 29.332389617577867
29, 31.663860838799494
27, 29.388741298253105
21, 27.553066396526923
18, 25.05092913833714
28, 30.576617790201265
19, 21.102339223516488
22, 25.68083132161516
27, 33.034726813925246
17, 22.413424757468007
28, 32.3966009805186
26, 29.751008031969622
24, 30.137252484174606
21, 26.053273634591648
23, 30.00201408976946
22, 27.42913100562313
15, 23.255367060593763
31, 36.151892167768125
19, 25.634660237961224
26, 31.05392454650503
25, 29.680073587157374
31, 31.644431250051248
19, 26.13321839692542
31, 36.16592993088559
20, 27.140304664572184
33, 36.07398401387813
32, 33.527446981953034
25, 27.43393486085279
24, 29.706533397128922
19, 27.44333210622271
20, 27.546815834516273
21, 26.35955678015572
16, 22.57811595707029
32, 32.68064570836926
9, 13.08863969623738
12, 16.63895982119563
14, 15.964121510852966
13, 15.841380432959802
12, 14.189831479901255
8, 10.072290438362646
16, 17.00001292309634
11, 13.127659355722688
9, 14.004315082178394
12, 14.16188947845532
14, 15.714535334581557
13, 15.711366868428735
14, 15.656357870229984
12, 13.762850177314133
10, 13.049893194194222
14, 15.83206970077879
12, 13.652332500724986
14, 15.916823762705059
16, 17.714064572585336
10, 12.947368233635236
6, 9.107970103971718
12, 13.574328698254972
9, 10.542286782528521
4, 8.682531745100775
11, 13.166748311337559
11, 14.689149618319151
11, 13.09921641087621
14, 15.795867321560566
8, 11.869215205535639
7, 11.36707345312678
12, 13.973367029761132
18, 19.634241694273847
7, 10.52166793724099
10, 13.095038579488886
9, 11.919683679586457
7, 9.642528118848068
9, 11.658961012897374
10, 12.783252807500109
7, 11.151707393549652
15, 18.401391281551223
10, 11.191641136368816
11, 15.923989228690258
9, 8.450573776085601
16, 15.712091572758254
15, 16.786021005143986
9, 10.111280931378442
7, 12.466133809742486
15, 15.62959012723409
9, 12.272056023803147
9, 15.179781680768556
12, 12.475786456688445
8, 12.549399860104243
4, 8.39327379161079
15, 15.160259224925559
20, 18.60356419484298
12, 15.96324836764474
10, 14.961369575782161
21, 22.004502953785078
5, 9.799480808290065
13, 15.849724222642724
14, 15.512109103282173
15, 15.689517055580502
16, 14.487855361931867
11, 15.068602079283531
12, 14.800260994606232
11, 13.616570050764071
10, 11.348039673333812
1, 5.100905732952355
11, 14.312240852564212
6, 8.606509072427563
14, 13.822333734044195
10, 15.602420659683096
11, 12.175347305956636
14, 15.386609596004948
17, 19.32355098622776
20, 17.323280212923628
8, 12.503212350913156
8, 11.512546275701386
14, 15.727101241397376
14, 14.95543629826849
9, 12.441780607906125
10, 14.35875348536061
7, 10.589378650240427
16, 16.632128746221973
10, 13.05465685579013
9, 11.908036537088538
10, 11.521456086899432
15, 16.506487116932202
16, 17.64445578849836
16, 16.015214099785606
9, 11.824989294943576
11, 15.84911686385975
12, 15.799471151723788
15, 17.39355150614018
17, 18.0061282647196
11, 13.583197465147954
16, 17.690194025410612
10, 11.790697551904252
15, 18.874673978996995
8, 12.089672456471034
4, 10.401115732395484
17, 17.945054602567925
18, 19.917473210971796
13, 16.974010981540076
7, 10.143333867979624
19, 19.95615578112161
17, 19.172786558798705
13, 15.039584299730912
17, 20.68056377871947
7, 13.228518159951813
13, 15.500132933337198
15, 16.325175339282023
18, 19.191553499835162
18, 19.26718134656286
16, 20.57820608745231
8, 10.657548073575642
9, 14.612487555530045
21, 20.662685795881554
6, 12.111565609722726
13, 13.230217160382711
12, 14.958898280305037
13, 15.526493323581438
10, 11.454038980833689
7, 11.569870068951493
11, 12.414415159770261
11, 13.68230844194107
12, 12.04389551447183
10, 12.155113708995076
9, 12.418020027666008
12, 14.623976885718221
18, 18.42093043875249
17, 19.055266351735703
16, 16.95947833396381
7, 13.284058082219953
6, 9.583138883415094
7, 11.806003986318979
12, 14.993421669968868
13, 15.686015530321448
4, 9.303067790129795
6, 9.207155562231874
11, 14.190261722159503
13, 14.341147417400938
14, 15.330587105626558
14, 15.950397635178959
12, 14.589334023687034
9, 12.103120051325368
17, 18.569693226777368
7, 10.885060644852862
12, 14.71075275925704
14, 15.802582403660935
17, 16.80711554282208
15, 18.39216611937538
12, 13.44392507416007
9, 12.085772500695287
9, 10.642335987227199
11, 13.782211198007609
14, 14.456386439096917
9, 11.296101486740959
19, 16.842500615315757
10, 13.322009439176032
8, 13.476005048980225
7, 12.154177669578988
14, 13.09440996576157
9, 11.356068958902663
10, 13.50435778892922
16, 16.11886403401307
20, 19.041416803585136
10, 13.721415067338262
9, 11.11424316093044
16, 16.700889925864654
9, 12.7621158214195
11, 13.874207106844402
12, 13.843146196430984
15, 16.943118128586367
13, 15.522512042994357
9, 12.857795258859674
12, 13.115963097662666
16, 17.123491472915255
12, 15.264365635047584
11, 14.290009545686233
12, 14.892427321915205
12, 15.448205392262988
13, 14.853883644138897
14, 12.164366629718481
11, 12.53079646074465
5, 10.198602925580623
8, 10.0648446506226
9, 12.50617253009535
9, 11.111999354551767
9, 14.035026053550775
11, 15.62957369539355
12, 13.089452766249254
8, 11.298541481048646
11, 14.338347878642901
9, 11.816009750160273
10, 11.930253243730796
14, 15.676314272471698
9, 12.406938290071974
13, 13.440260383615238
10, 12.642307341090897
12, 14.516567343402498
11, 12.30236271344348
14, 11.748695826946449
7, 10.38316694882763
13, 13.998584126586273
18, 18.78257323937941
17, 15.758852488425646
8, 12.537989760479075
6, 10.778064545365812
7, 11.081210902294243
10, 13.470490431369273
13, 15.42551509104654
9, 12.29231739729498
12, 14.43859365182814
10, 11.601744895972873
10, 12.54496171370951
5, 9.96428867943233
6, 10.958906558521514
15, 17.894012633298903
12, 12.642156493729034
13, 13.69222254146995
13, 14.563232732925474
10, 15.82273666265877
8, 12.206766335790153
17, 17.0600589323902
17, 17.750768131470814
7, 11.441834738223426
12, 16.16728918296775
14, 20.155081736702897
14, 14.794162993594455
7, 11.148609031295617
15, 17.608222879891496
14, 16.00488160030688
15, 16.64178222492157
19, 19.479732548720012
8, 13.410160645187384
9, 10.893601870112825
12, 15.012820050729779
15, 13.623791687009065
8, 12.86005700619863
11, 15.541801226878901
12, 13.892202909257428
13, 15.421263934569824
13, 14.280099584142873
10, 13.437352015599805
16, 17.399806568906243
17, 22.12893886615655
13, 14.376475500645073
13, 13.261596011514136
12, 14.077508406662869
13, 16.14563409515856
8, 11.413160247131787
14, 15.742757973558584
14, 14.346027749641038
10, 15.271012448189277
14, 13.75787450110044
10, 12.620913031365832
7, 11.597577975412952
15, 17.89968690159284
7, 10.748648869370738
14, 17.48011541736907
7, 11.2272351504504
17, 18.504127944462294
10, 12.18096969920419
14, 13.19074061218833
9, 12.836700190043226
14, 14.537083284404853
11, 14.99908616226888
11, 15.080568758105755
10, 13.843697197543413
11, 13.041294929964929
12, 14.562002468708307
8, 10.463581299268268
13, 13.671002465537487
19, 19.20818911668848
12, 17.193687006606606
12, 13.503064260058867
6, 8.586603073112853
12, 14.917390161689832
5, 9.541211230701789
9, 12.33267274144637
12, 14.684814901252912
6, 11.512882318311268
15, 17.877053332358756
12, 13.229489116695001
10, 15.103766373176782
13, 13.876828464304278
10, 12.977745146664594
16, 17.577106938666684
16, 15.745658016635755
12, 13.383995895927464
14, 16.24163435663442
13, 13.467649198468889
18, 20.21034851477418
9, 14.977210561005192
14, 15.476443019422051
19, 19.447479824023162
13, 17.30836932285507
12, 12.985070777412258
14, 16.869037917705377
17, 17.561220487572637
15, 17.163943143675528
15, 14.95247133378772
12, 13.07598640195769
13, 15.66660595026467
10, 11.31397885863918
9, 11.914667302645658
8, 10.89568688705588
7, 12.761380927743565
19, 21.438893714644674
12, 16.026663182423324
10, 11.804427829094505
9, 13.573024515970683
12, 14.743520424866476
13, 16.08614029094958
15, 14.685374366390814
15, 16.898060633398337
10, 14.248751949311512
9, 10.674750011509348
11, 13.745170574770606
17, 17.741072375379588
13, 15.772591275328146
8, 12.0906445855799
16, 16.5991849142666
11, 13.62838057424978
10, 14.836227849601814
5, 9.95012921511131
9, 13.63488535037365
12, 17.263792261659034
11, 15.528297826201579
5, 10.252799036722513
14, 14.998503940511418
14, 17.342836849385957
13, 14.582219273476458
13, 14.229641333220409
8, 8.975289185616788
10, 12.675132688783036
6, 10.838100759058126
11, 14.265499768985917
7, 9.970788121203102
15, 14.763788026689141
11, 13.777848644211717
14, 16.071322087810298
15, 17.53301450700829
16, 14.852317305475678
13, 15.016968209248704
5, 10.367692177526065
8, 10.50947290119257
9, 13.447626686710072
12, 13.840016245641703
19, 21.95465321247676
17, 15.908421552951888
8, 11.034351710000685
6, 8.332156778809697
16, 16.21954171885567
16, 13.789876308292065
10, 13.751383794783756
11, 13.219142843345209
9, 13.028548149659068
15, 15.325717028544986
23, 22.565994767183813
18, 16.4873660229119
15, 18.38892229263143
10, 11.631161365573886
14, 14.722754391021361
8, 11.33652926320571
16, 15.974218722698296
7, 10.360675690019475
10, 8.9800781333423
11, 12.422380299095412
10, 11.352576633224107
12, 13.168117829431264
15, 14.624203151595674
7, 12.192116310786373
11, 13.068661154970282
8, 10.942791192062684
10, 12.211296853272891
10, 11.489828119988184
7, 10.597776520104487
10, 13.114315611239665
17, 18.39922504508203
10, 13.136880107133724
18, 18.770004981556575
11, 14.832098308161775
14, 15.715326496908819
18, 17.63133057106565
11, 14.20670004475984
18, 19.188105410236737
14, 14.960060160328064
11, 13.905709958305241
10, 16.38286502039876
10, 13.3355045333522
10, 12.695755486095418
11, 13.285667462842142
17, 18.97548587992657
16, 18.989514304226415
11, 14.945626821849459
14, 16.56450067702644
15, 16.15847125329723
13, 14.347109643317074
12, 13.341889576865295
11, 15.29121833451777
12, 13.097383330810182
10, 13.024201372423327
6, 9.158147739358203
14, 17.1859483255103
14, 14.955326042376955
4, 5.831963030246372
11, 11.420409625353269
8, 11.113910282601786
14, 14.937484175850509
7, 12.049480253790527
11, 13.856787627579196
16, 18.05757027965016
13, 15.247423423112098
7, 13.83452250403443
4, 10.20650145481266
10, 11.41000383176917
12, 15.491852286229951
11, 13.373939037335383
13, 14.60174680553141
15, 17.962366895114336
7, 8.0922287264768
10, 12.411004463645305
8, 12.303982888297352
12, 14.103154662559177
7, 11.149401222405668
12, 16.27039943115045
17, 17.651881041114766
15, 17.735863941944814
14, 15.821669733834556
12, 13.583287009159395
10, 13.238788004946139
10, 17.940366453777646
18, 17.035098821287466
10, 12.30427119999027
13, 13.637790753938948
12, 14.722598269737524
11, 12.835113884936082
13, 14.71879169257597
10, 12.061956288339289
13, 13.780570241572471
8, 9.016882235766436
7, 11.871405089916292
9, 10.815983895989184
10, 13.37003858146587
13, 13.398359411188114
8, 13.819010907338583
12, 14.042330049907024
13, 14.51449901740892
10, 12.885586277248866
10, 12.11193895196235
14, 16.542514887463746
12, 14.073932028280204
19, 20.04178251716872
14, 15.64597026610643
12, 14.356602402020114
17, 17.44717220617471
16, 15.8158172509275
13, 12.764729062296079
17, 18.143917194253707
9, 14.953332206361422
13, 16.65407678787884
17, 18.65417697923236
9, 13.768015865923415
10, 13.311125530579853
11, 14.91987325552549
10, 13.025624460259355
9, 11.88905316959136
16, 19.037382534548133
11, 14.850566002672252
11, 15.321399948647148
15, 18.17944062400465
19, 19.65713665856859
11, 11.83049020045318
12, 15.68183885494252
10, 12.715378103626147
20, 17.359686009583083
15, 16.104927607699842
12, 14.478942565445621
14, 16.460726744325434
18, 19.53685993401295
13, 15.206115217694505
11, 13.33155584360434
7, 11.013774136800379
12, 12.751828107517673
6, 10.270661787556904
9, 13.145026811286382
13, 15.147820227088811
13, 15.17040770712864
18, 16.997836524790316
17, 17.1688713209651
10, 11.283103111109371
10, 14.889165600283057
14, 14.241373088542051
10, 12.768383770967757
16, 19.06064369731658
7, 9.440382008316217
14, 14.819589346438992
11, 12.229148366458263
5, 6.093531286302773
4, 6.844528155073697
8, 11.06772854381402
11, 12.605468838372367
9, 8.486773327876769
4, 7.323872328936092
5, 7.105577206844994
6, 7.745587947398054
9, 8.786250248725475
9, 10.148502063021706
3, 6.514834733639434
4, 5.774378779556705
6, 8.345776694616218
4, 6.542080862640221
3, 6.611668496565871
4, 6.604004273374614
7, 9.163144057000432
4, 7.031428757880914
13, 12.843313042281606
4, 7.23455162909181
5, 7.402170549199597
11, 11.670093434716394
6, 7.775466818869307
10, 8.841372895723728
9, 8.566749609684114
11, 13.189170549608331
8, 8.359007359430272
10, 9.279659078303053
8, 10.955371297364044
9, 10.401694605624781
4, 5.869751305669619
6, 7.169982962086348
11, 12.684226738730036
6, 7.215111507428803
12, 12.869418311350714
4, 7.210839486928096
5, 8.399001111223146
6, 9.184271641191861
8, 9.396990022804276
6, 7.762623319311065
8, 8.30706089598069
6, 7.9125976454531575
9, 11.300442589883094
6, 6.195453685333719
9, 8.5695140691826
9, 10.674790356357793
4, 6.788934032098107
5, 8.676672869360596
6, 8.452508757360974
6, 7.766579241821676
7, 8.327531964489749
11, 12.183330876740591
5, 7.826433816984216
10, 12.262048016197815
4, 5.305002282242466
13, 11.848792157793904
4, 7.33819225413058
4, 8.159896607096801
8, 7.142736514520102
9, 9.224544804298272
9, 10.40857400447867
11, 12.357554765681012
5, 6.77315478088768
8, 7.900113311666505
3, 4.500328489804696
9, 9.364678994744736
3, 4.459119187986796
5, 6.708967741342685
5, 5.765518084107652
4, 5.770107330428323
5, 8.450732594819355
8, 9.816474451157612
6, 9.378020504246331
4, 7.6143689725572825
6, 8.406420653392843
9, 10.217404204835479
4, 7.509214777924238
13, 13.918677836600208
2, 5.210044977123498
8, 8.542082319196659
6, 6.487819318883998
9, 9.263731274074289
4, 5.08569455822119
3, 5.060138634730407
9, 9.736786756039285
8, 11.162926135542051
6, 7.356209258682391
4, 7.015037148566504
7, 8.85521635133674
9, 8.790903455235124
7, 9.465925804031333
7, 8.315734874612646
8, 8.967178668443296
3, 5.320078178216151
8, 10.510377335927748
12, 12.814202709106144
5, 6.29869814335393
11, 11.872649297346323
6, 6.591626809257286
10, 10.37621918464645
9, 9.219012597720214
3, 5.3670807546215755
4, 5.8894059378876396
7, 10.020392615991696
3, 4.405511388886474
5, 7.100308879871928
3, 5.848836087601384
4, 6.731079013218997
7, 8.085586006664503
5, 6.94789547775294
10, 10.191662682411337
6, 6.320849047526079
12, 11.724159107361512
11, 9.616440503088254
4, 5.104118909730568
5, 5.8464625601925055
8, 9.08296438747822
9, 11.059836530753072
4, 6.555962246872186
5, 6.564780983499699
8, 9.944277537843897
9, 8.911963069520748
7, 10.495305409490541
6, 7.47398275772061
10, 8.981007897246648
4, 6.627829195619211
4, 8.434322244061956
10, 10.103010120411392
14, 14.827202630530092
7, 8.901949975398548
10, 11.431953938570416
7, 9.526540710616326
9, 9.055755569117466
5, 6.071092079866167
3, 5.440921155868491
7, 7.795011044119059
5, 5.794538079360538
8, 9.450640193680748
5, 8.57755659823113
9, 10.252015783239763
6, 5.70754521466601
7, 7.981048809315336
13, 13.077519446456957
6, 8.828050500454351
4, 5.7579351163191435
10, 12.320617783866753
8, 9.273224759809851
9, 9.985793093956511
9, 9.20623797233896
8, 10.979605630413454
11, 9.20663017960263
9, 11.334614172744631
4, 7.362828288967013
10, 10.47187103764918
8, 7.692868382595912
7, 8.101219577546205
5, 6.7770160146413625
7, 7.393589590652146
8, 7.938780001604557
2, 4.616894170642686
3, 6.909955176759311
6, 7.076719615459016
6, 8.380761433367502
9, 10.319576394327589
10, 9.998709153077312
6, 7.668565218337249
8, 7.047233178082372
8, 9.667586094626861
7, 6.5267841269506315
7, 8.684781273255227
6, 7.57078978147362
8, 10.609001975777925
5, 7.445353012059503
4, 6.64082872867762
11, 10.200483896687663
12, 12.13729619185683
6, 6.390474269544267
10, 8.593316966768448
6, 7.383683365635373
7, 8.614420069577772
3, 4.878365912838997
6, 8.181063773977293
6, 7.692161470437043
7, 9.783147121051803
5, 6.724655727757726
10, 11.356743679836823
8, 10.783845199460053
13, 12.027422578375885
8, 7.057178633611153
4, 6.71240620322115
8, 8.303557818991933
9, 10.855207750475818
11, 10.72114548320098
5, 8.508110384727447
7, 7.5544927059305165
10, 10.01671539962654
5, 5.87175814327667
5, 7.3437367421115285
11, 11.802353410714625
9, 9.751161982301225
9, 9.795852561798943
11, 9.039019623275545
10, 11.283466466171612
6, 9.191631114683167
8, 8.314052167989017
6, 8.764190045343392
9, 10.288493107714412
10, 10.657826963160236
3, 5.354528024565541
8, 9.018406347455183
9, 9.03283420177622
6, 5.363259221183478
10, 9.752846936170094
8, 9.217214473035746
5, 6.735039017869043
7, 6.583136027277538
5, 6.824870574204997
8, 9.858207428597861
6, 6.45422359877767
6, 6.195839616893987
5, 6.047545700096662
4, 5.196446037790154
6, 7.97698357136024
7, 7.517755897752977
6, 8.77561466319186
5, 6.635087763296475
3, 3.9155214786193313
10, 10.640053335001591
7, 9.492614985104067
10, 10.751180051207035
6, 8.003439490409903
6, 6.679534214163958
6, 6.604945472276527
6, 8.328609420721236
6, 8.803875788267828
5, 6.349040068122488
10, 10.022849775742133
6, 9.006810750455378
5, 7.331368018207729
4, 6.475242427249125
0, 4.848191417997601
8, 6.431638775530167
4, 6.265618877446927
9, 9.923520219968191
5, 5.735800733486254
9, 10.222786624015697
1, 4.133337340337733
10, 9.936676048903438
7, 9.318063955500612
5, 7.664715205486388
4, 8.625558917795212
8, 11.482655303855468
9, 10.244094984096462
6, 9.168839320674662
6, 5.030707094287938
6, 7.926000781019016
5, 7.239045065575413
4, 6.1899234049735
9, 9.39765987417391
9, 10.650613122698305
5, 7.129517719882478
6, 7.609796590497519
8, 9.30382102051652
8, 9.156255473746901
6, 7.572015555261726
10, 11.203922214428555
8, 8.218538303366374
8, 8.485115513762253
8, 8.904112086620747
8, 7.981118519600695
6, 6.630238418973306
5, 7.091277227337753
9, 8.33931731040124
9, 10.34506214557858
4, 6.113275690569419
4, 5.504278460799196
4, 6.8096545557780175
13, 11.853222831371676
7, 8.261124497604758
11, 11.187415592925934
9, 8.657564845489608
7, 7.493282926234689
6, 9.183998498538719
6, 5.518703607359064
5, 6.274104569661195
4, 5.737630735223349
10, 10.771284281052699
7, 7.139198272432679
8, 8.169551698114613
7, 7.601597303312986
8, 9.356577106759428
6, 8.868948471883396
9, 10.01705819039337
4, 6.625339023402255
3, 4.76035165268926
5, 7.330594959689801
5, 6.271119850767549
6, 6.392901267111297
7, 8.749206129907678
6, 8.462864607194177
8, 10.75314457981486
8, 9.111723558704682
12, 12.588832293689435
3, 6.066686279769021
7, 10.975284280916444
12, 14.358912597905343
6, 9.286329765830935
5, 7.098736449641677
3, 5.387770689007077
3, 5.785796668907745
7, 9.492362293055054
10, 9.289021619618936
10, 10.765802754306806
5, 7.534520455088114
3, 5.130140814120241
9, 11.440096449917146
7, 10.07562016985545
8, 8.117895154607272
11, 9.92361486894372
5, 6.221624965253038
9, 8.595994633586098
9, 10.326231272309174
4, 6.2075344378543535
10, 11.715894628427387
7, 8.703036064528852
4, 7.167468805633717
6, 7.654052225733216
6, 6.999210607368054
4, 5.8159005535420745
5, 7.037638374063501
6, 8.335865987911939
6, 8.717961471399487
8, 8.615181620611365
7, 9.290602360411508
8, 9.054607086133062
4, 6.469990857940901
7, 10.88332488158838
7, 6.263588195015482
9, 10.370932933346099
5, 5.763297434319167
7, 10.054482425479542
3, 4.36316153428517
7, 10.109021291733116
5, 6.027623273118325
8, 10.274634894030967
6, 7.39988614222711
5, 7.583630117891996
8, 8.802102140925385
8, 11.061989106551163
6, 5.953629911687419
4, 6.228797847723785
7, 7.206343147103217
6, 8.27846710800225
2, 4.600727795407247
7, 9.491310147729095
6, 6.2889312573837834
9, 9.790198171274497
6, 7.601372039188485
13, 13.888484547284671
9, 9.949081294009387
3, 5.491824433050486
6, 6.904431157618028
12, 12.525025902173828
8, 7.5661015395194955
11, 9.358282479608981
15, 15.746735836666804
6, 8.308193264901224
7, 9.478305585838218
7, 9.229841270098968
11, 11.768356019456169
4, 4.275299125771854
5, 8.418349042083825
5, 8.42709124228514
5, 6.70243067561404
10, 10.705237867179129
2, 5.4138926603865025
7, 7.960468489427524
9, 9.179024435387193
4, 6.788844438666542
4, 5.750566711851136
6, 8.595250826474656
5, 6.748331606752976
11, 11.994705781105372
6, 8.323289801966636
4, 5.111493104217364
3, 5.495284368112323
7, 8.204985099642991
7, 8.839899015050202
8, 7.8041963823951495
8, 9.608785737117023
6, 6.302391486495265
8, 8.023157490507186
5, 8.188256850718297
8, 9.562250820497184
9, 9.106979837164255
8, 9.923954381975404
4, 7.368167515722
8, 8.720021067733835
2, 4.977764560702263
11, 11.713822154571591
10, 11.391178907428154
4, 6.085724002001403
11, 11.578163503284967
12, 10.357763386304248
7, 8.734191918761393
7, 9.175105336048661
8, 10.393896445103842
5, 6.773033090678967
10, 10.396029332649885
5, 6.727849214066794
7, 10.392845756293669
7, 8.354342228591305
11, 11.230139403010165
3, 4.755949536549905
5, 8.681212840637375
4, 4.83346201445988
7, 7.015146865709319
8, 6.932262757275191
9, 10.25939282805644
10, 10.40921629542539
7, 9.365572418246071
5, 6.956535886976488
4, 6.9560230139096975
8, 9.601755755438226
8, 7.911190199972015
10, 11.598143195456377
10, 9.29980847664899
4, 6.399794321924188
8, 9.145538937500675
11, 11.262291446661795
1, 4.72254738200921
7, 8.597068362512562
6, 7.009264606622271
5, 7.075847846964115
7, 9.970506125004853
6, 5.889896660702116
6, 5.819009288075144
8, 8.431318277684824
7, 10.743883590085737
10, 10.796004155256664
8, 10.295624793676694
6, 7.825162720660789
5, 7.868389572046232
10, 11.83508511255615
6, 7.451454220182872
7, 7.022427605421782
13, 12.590107643228961
5, 7.22512719300507
5, 6.851607542483097
8, 8.219390475377121
6, 6.534715489006434
9, 8.705843590416732
7, 7.94400611151542
6, 8.389964246341904
5, 7.6040543283332624
3, 6.1006587422345255
4, 7.297946214361138
4, 6.739599385554797
7, 8.526931372827045
3, 8.034302159258164
5, 7.6018347974816125
8, 11.538014663840121
5, 6.643928130877183
10, 9.156214397047718
6, 8.33729366023731
11, 10.439813709281886
6, 5.960987742372031
6, 6.912415416667318
3, 6.608447592936211
6, 6.727899281587911
5, 7.342297690572843
8, 11.066721386536628
13, 12.694387678811601
7, 8.947469775383723
4, 5.591023905170378
9, 9.697179152082429
5, 5.774928683540466
4, 6.223467515265031
4, 7.257922718036312
9, 11.245332960888659
3, 6.433769244789116
4, 6.687529514798425
13, 10.22083305297777
10, 10.337167557610616
4, 7.7323507103283555
11, 13.771253908023345
7, 8.902624978202017
7, 8.201107585106378
7, 7.707514621961223
3, 6.2394631213450555
4, 6.938178462945352
14, 12.056137821295769
3, 6.208492463771622
8, 8.1945950075524
10, 9.60260059816834
10, 10.291661686441607
9, 10.415645097578254
7, 8.253515888552512
10, 10.861636268634363
1, 2.2228354097121215
2, 4.752451909674869
6, 6.439022176900589
10, 10.709685589883355
5, 6.145536367307747
6, 7.414695486681352
7, 11.211140219814531
5, 7.16748485993808
2, 6.990114192625288
7, 8.59163686113974
9, 10.99974423383168
0, 2.8342802727560525
7, 6.5573309947160965
8, 8.999824897993799
4, 5.030175904095854
9, 7.670662435682674
7, 8.589741768432239
10, 8.379793023171116
7, 7.384322240473384
6, 7.366216712129048
8, 9.991892677196025
8, 9.755859603613242
9, 9.872247675061283
8, 9.153955522149804
5, 6.831966977703584
7, 9.755407625165072
4, 5.768778969402769
7, 6.89865714902926
7, 8.971620899409201
6, 8.409489652807492
4, 5.581326476545588
7, 7.342565988292326
9, 9.33987716355204
7, 7.7572244622039115
6, 7.762371847091092
7, 8.561273841622395
6, 7.314335122111087
3, 5.353133074720171
6, 7.909795326731353
7, 9.915247336153046
14, 12.483192892996023
5, 7.414312398658709
8, 7.6441133515441955
4, 5.509173380651961
5, 8.648789458347627
10, 10.328125582260606
10, 12.81739327229535
9, 10.641645031517053
11, 11.350817759295067
7, 8.345465526075188
7, 9.345509807427334
6, 6.667202627684671
11, 12.974648230335998
4, 5.2980673505951685
12, 14.147661879530238
7, 10.8181577912481
10, 9.659269114468607
10, 9.146197392212658
10, 9.220959397489544
4, 7.4658180170036434
7, 9.129187229612416
9, 12.075274214897679
4, 7.667950298689074
2, 5.6615486647370385
8, 9.138587663527241
4, 5.143450329018012
8, 10.693174260222058
5, 7.781285651125151
9, 10.867729875274254
9, 10.057521982677853
7, 7.649683439811539
6, 7.658795509488957
6, 9.619266300482167
6, 7.919158647714719
5, 6.541646437609211
5, 7.731547326969656
6, 8.801579679607208
8, 8.96452575157017
11, 11.922347596842885
5, 8.819105468943244
8, 9.445144258066815
10, 11.638914252120157
9, 10.221523997668676
10, 11.800145925995967
10, 11.698758301277554
5, 5.3411456868990115
11, 11.33575864602164
7, 8.48938221109158
5, 7.102900067968083
9, 9.298949177012569
9, 9.17288184458636
8, 9.755055245636152
5, 6.875667390415356
8, 9.040616020714927
5, 7.05859189621503
3, 6.948949042933697
4, 6.7525836899472065
11, 12.001696900650975
4, 4.854056261213838
7, 9.98541189387433
9, 9.578511021332083
4, 6.358172127786854
8, 10.2709332596776
3, 6.440722231348233
5, 6.759528871950931
4, 5.570334093287771
6, 9.288068667619285
5, 5.929837213575336
9, 9.383817970491348
4, 6.3606189959502375
5, 7.687902089453895
8, 9.604344752692935
4, 6.4145738111181565
5, 7.919248897483713
6, 6.770693768081064
2, 4.920322881941151
4, 7.690127880568831
6, 6.748952180156087
4, 6.240409593239135
8, 7.265591707288279
9, 9.63523863925485
12, 9.966159166501473
4, 7.0259921939646395
14, 14.187465918132176
4, 5.227779820084776
6, 9.124178914381877
7, 10.26479663552048
12, 14.307217184362614
7, 7.617958739706728
5, 7.711588297404665
8, 8.282492033458038
4, 6.477563157279953
6, 7.887167738905891
7, 8.740593393389258
4, 6.699018893155173
7, 9.002605150749714
6, 8.376465001183796
2, 5.367575917909951
7, 7.9750161220877684
5, 6.965274134884741
5, 9.32365191413076
9, 9.072827121883464
7, 7.7371644688596515
8, 9.702452698900139
5, 6.4259166947805575
8, 9.828030331567044
4, 5.405429930199666
3, 6.079113677969657
9, 8.204858925207283
5, 7.7580726585105495
6, 9.679656205912025
7, 7.503495335405046
3, 5.80669418855755
10, 10.974926491249954
1, 4.610137167159228
6, 8.933400047497061
7, 9.512240797307769
5, 5.458629874992057
6, 5.326409398652805
5, 9.060566852292428
2, 4.008943335830875
6, 8.211806381447515
8, 8.759697307858547
3, 4.739711293522028
9, 9.292792773472735
5, 8.35877285608468
4, 7.606061627654147
6, 6.474177106228396
5, 6.951059158857708
7, 8.228104827110647
6, 7.780468159723932
8, 9.28745110952699
7, 8.237858690376637
5, 7.244207626105276
6, 7.533953013403842
5, 6.230245757652581
10, 8.93926465582955
5, 9.50933986421376
6, 8.965051252623434
7, 7.419613108365035
5, 5.435842650821164
5, 6.243891229008388
6, 8.28623645979796
6, 6.9941565283730665
4, 5.151827014263704
6, 7.767059119196121
4, 5.628272261779955
6, 7.376952070936083
4, 6.613584396147808
8, 10.388067037350018
9, 10.89339062065456
8, 9.318728496000935
17, 16.21859759079335
5, 8.379518871420398
6, 8.239953538391793
4, 4.427422228763464
5, 6.451815594635972
5, 8.436834761570802
9, 10.223808938893885
10, 9.715639510132792
11, 11.280604576191857
6, 6.6772763660768435
8, 11.642860900968124
10, 8.353829317002004
9, 10.961920344768325
7, 7.4973982657476075
4, 6.920992212088078
4, 6.8600884006466805
4, 6.453178792203773
1, 4.90285599813049
8, 7.52827707152064
7, 7.226580923194573
9, 8.429624364266845
8, 8.82142361722232
11, 11.41789655926009
9, 10.262034020624318
5, 8.865327481773747
6, 8.087885116875775
8, 9.246726505838547
3, 5.664723772931325
6, 7.12778600912828
10, 10.780598509305504
11, 12.17058249495516
9, 9.705403953470634
9, 8.291815910107077
9, 9.622992996257855
6, 8.423406066931157
7, 7.7868061766111
5, 9.228973054077928
8, 9.188321103870205
9, 8.728187345877652
7, 8.594764595968565
5, 6.888384149458283
9, 10.596464759528157
7, 9.441974411872144
9, 8.746469484210811
8, 9.282462658787708
3, 7.311639366550997
10, 10.589933908420193
7, 9.855359415079082
4, 5.901529719107041
9, 11.314116202796676
7, 7.5545630123601795
5, 8.599508400638456
7, 9.423872869874002
8, 9.013948399569326
7, 9.142093446883548
7, 7.98738298607577
3, 5.4939489562972
6, 8.818060247990994
9, 9.73941339518077
2, 5.950515609923443
5, 8.872829793651412
4, 6.8866711065108435
6, 7.747018528759005
5, 7.087304234458949
5, 6.440016921048934
6, 7.637616586645681
2, 5.615408904872897
3, 6.712269562351583
6, 8.152235465125125
10, 10.309991408062258
9, 8.853278379492671
11, 11.87197199631546
10, 11.822767502100431
4, 7.019350620534621
16, 14.885711266349
2, 4.376355335978216
11, 9.627717957394596
7, 8.363810698359005
5, 6.2706961623537385
7, 7.6161546686919
10, 10.602449448279819
6, 6.516143213034232
14, 11.970811379297995
4, 8.017009163393093
8, 10.038005009313641
10, 8.786776895911219
6, 6.938468824785934
5, 5.582984995412658
6, 8.175384943816347
5, 6.725733220729928
5, 8.624360590404105
6, 6.606039893859516
10, 11.276814533764922
8, 8.425263758296442
5, 6.759512388569455
11, 9.085762594686281
2, 4.168825969236044
3, 6.599581831295676
9, 9.342611686289525
8, 7.815160308595802
13, 12.702137319439023
4, 5.278705194040725
7, 9.433227119836307
4, 6.253995026185769
9, 10.827256076637658
5, 7.075902243257893
8, 10.568585045124777
10, 10.865157150298998
6, 7.355736552659513
4, 5.0771039741585975
12, 11.05407991543971
10, 9.586583537946952
8, 8.516721556493358
4, 6.25739846381288
11, 11.472825073485495
5, 8.140135262920518
3, 6.61042230247908
10, 9.202269848798185
9, 9.121060547449185
3, 5.236711301795186
4, 6.6165277777195834
8, 10.279955552409534
5, 5.993412981988988
11, 10.49412684290805
6, 6.743128070522772
10, 8.892194197023048
11, 10.425791134661752
3, 4.821138895105288
5, 8.152939999843994
11, 12.378852391985037
4, 8.813591964535789
4, 6.832525226040934
5, 8.866089783942654
6, 8.434234071544381
7, 8.78657455051429
1, 5.393765513946724
7, 8.76433975584035
6, 7.360290425876239
8, 8.916924116312051
4, 6.78720074395279
8, 7.823079296996852
10, 8.623295585403001
6, 6.292038726851161
5, 6.069141412471213
12, 11.985197671715584
5, 8.114475690785278
6, 6.950527720740028
8, 8.856145746575725
9, 7.831825152312235
5, 6.247245893568288
8, 8.626451761226416
8, 8.670340520031843
8, 10.33225307457289
7, 7.80487038837333
6, 5.866948033445346
4, 6.352361233805436
9, 8.983237900845815
7, 8.005046964129011
7, 7.551635911095309
7, 10.304813373384208
10, 9.765533940511986
7, 8.350782361484022
7, 8.143612924261872
9, 7.25703070807476
7, 8.336972142118057
3, 6.863768101921588
8, 8.983622880790334
4, 7.361498164737749
3, 6.720616307392765
5, 7.248315938561003
6, 6.901273744792907
10, 10.338120795950235
10, 10.289137534338979
5, 8.140742921281367
8, 9.008061243731781
9, 12.53340406733461
5, 6.7302901874612155
9, 10.38984179366487
7, 8.090621757444014
4, 6.6330078509653525
9, 8.977400303759769
5, 7.137748700009038
6, 9.57670724359972
7, 9.005006603252214
4, 6.352669549985081
2, 5.1022800425019925
9, 9.34341232449872
11, 10.42904647678444
2, 5.28594258000164
5, 7.127275603075503
6, 8.437359023129025
2, 5.670645448645966
8, 9.031834415543084
9, 10.582334669451525
8, 9.245266000582816
8, 8.824083443399667
5, 8.42165259293071
8, 9.079952243894933
7, 7.135761059715492
7, 8.126957581497852
10, 9.68076874357595
4, 6.334436705738701
2, 4.346951606472729
13, 12.958409706328744
8, 10.009121828042504
5, 6.402086307639716
9, 12.047862414789272
7, 7.836155695961858
8, 9.01859785899518
11, 11.797804397015243
6, 8.131669266096416
7, 8.775637120305825
9, 9.498406631169418
8, 8.648766095839521
4, 7.560218193880865
9, 10.57822212422861
4, 6.72513139220077
5, 7.459546572411709
8, 7.7444449460871425
13, 12.809383674061323
8, 10.10071928706497
11, 9.565695558777746
4, 5.783966615762785
4, 6.163994332252853
6, 5.469524027297371
5, 8.260744771895181
4, 8.900729549589368
15, 14.010566617025267
5, 6.052637159927908
7, 6.890941471301398
6, 10.423558965709624
6, 9.382521219677587
7, 10.347839897795916
5, 6.877744294350354
8, 9.212307067289508
3, 7.279471496091225
9, 12.43704003364789
5, 6.4194225813367085
2, 5.784500842784826
10, 11.11365480575858
6, 6.5009991033146965
12, 11.099767123618104
4, 7.253260632054299
9, 10.575136980900627
9, 9.93325720328991
3, 3.966601608577961
11, 12.425043690222427
4, 6.9900090496358365
6, 6.778932150112745
11, 8.98814222562083
6, 6.7509732932875535
7, 9.213837141851064
5, 6.247387327328757
4, 6.473314918548357
3, 5.309733388177933
11, 9.29777861676605
3, 4.010642287581508
5, 7.20549165768503
3, 5.702123687458016
5, 5.950708603585092
7, 8.462031932632225
7, 9.250763624390972
3, 5.785042216098153
3, 5.017173096035424
3, 4.998154618812901
1, 5.2413232012451205
5, 6.966049043953831
10, 11.253775858518916
7, 9.11957466894559
10, 11.176114812691512
9, 8.926018664272105
8, 9.864686137854152
10, 10.515280545486688
12, 11.153512387740214
6, 6.895767236916004
6, 6.523673780880331
7, 9.65171845750319
8, 9.326762349912189
3, 5.4094101250905675
5, 4.4081466768790625
4, 7.238665171201064
8, 10.180122250298956
3, 4.768793579387601
4, 6.703983605488141
12, 12.397872055831394
4, 6.3403543815102905
5, 7.191332529650309
8, 10.008374594586696
11, 9.83610909388328
4, 6.319978038131467
8, 10.411859203047236
3, 6.370803008002488
5, 6.671388232181406
9, 10.991297207891913
8, 8.136166262765263
5, 6.343200201453589
4, 5.7412939252008846
9, 8.297869927697148
7, 9.000073331154066
7, 7.654521130730349
11, 11.737268770020579
10, 9.555645588682381
6, 10.226348744463671
10, 9.118644710820572
8, 10.232569619299746
9, 11.108884783998734
9, 12.387245305486255
7, 7.142451352547265
9, 7.279860474276034
9, 9.940670655156964
10, 10.846441240090266
6, 10.173367502300781
4, 6.895808975933616
14, 13.853741146717848
3, 5.721018392236721
8, 8.016248622751933
5, 7.428803844954387
9, 11.009600242703634
9, 8.859608310571511
10, 10.023382560549932
12, 10.2157845728735
5, 7.048800898889275
5, 8.374734528804064
5, 7.259352200183651
8, 9.778816098633309
7, 8.881646876789732
12, 13.388717097391197
8, 8.125302301975248
14, 12.854550077957814
12, 12.644779640589789
10, 10.87333081886274
7, 8.444953328805646
8, 9.837052099177155
5, 7.29838987788351
6, 7.1867464654385
8, 8.606811346618308
8, 9.274833201365002
5, 8.478269067312782
8, 9.179919330609504
6, 7.618549841789069
8, 10.584804157291574
11, 11.601316608898196
11, 10.644092433014592
7, 6.820803431128506
12, 11.971439778622392
6, 6.302611022779011
4, 5.7541681950332695
5, 6.723581702070996
10, 9.244881041633887
7, 9.516191305133392
5, 7.4125095942029775
6, 6.6918237666729965
7, 8.860304811584026
10, 11.59843631738258
5, 9.603786843123144
6, 6.295722366709668
4, 5.978964807136506
3, 5.0177275446489675
9, 10.880354766171166
10, 8.848849975764548
5, 6.245359699918684
10, 9.184216983293512
3, 5.367534599343637
9, 8.770149394315263
5, 5.953398864672692
8, 9.305948080070992
6, 6.372890242494806
7, 7.745863230887202
7, 7.284959334718187
6, 7.801224922942489
3, 5.527753699112624
8, 9.584792485243257
5, 7.733933734100841
3, 7.134962266253544
6, 8.319740847881157
7, 7.784487988584233
7, 9.00536879705795
6, 8.522530590535403
4, 6.095473227553202
4, 5.18642967892304
7, 7.022171088711019
13, 11.013313651415967
8, 9.269366438051973
4, 5.285621426431192
5, 7.847660928015943
6, 8.21508199047908
8, 11.836604741177633
9, 11.290487980514545
5, 9.479400480148257
7, 8.544994643153368
6, 7.527603652385068
8, 6.430702973646175
8, 9.096150518891816
7, 7.722210769678867
3, 5.091045438737527
7, 6.316476834659958
7, 10.322253702752677
8, 7.705170010942235
5, 6.728007334255369
7, 9.810892864788633
8, 10.042260331627507
3, 5.564969849790709
6, 7.297186267648586
6, 7.837446305424932
4, 7.567888173185058
8, 9.206745253877676
5, 8.23856053936906
6, 8.39668418396987
14, 13.048448359065613
8, 8.985372999187947
13, 12.375749036606855
8, 9.25034299956667
5, 6.576810902575783
7, 9.656063048182636
6, 6.683424065710148
8, 7.543830195429076
9, 9.302875496355208
6, 7.774127347394312
7, 9.734832993484334
7, 6.939950040705393
7, 10.205906824185906
4, 7.896760233180104
12, 11.090796130441761
5, 6.630860758904656
5, 6.66229720640585
11, 10.781801404328215
10, 10.195364443747856
4, 5.45405100750467
8, 8.8113117907359
6, 7.904042121252298
9, 10.303812121072118
12, 11.295496963723915
8, 10.585903693822655
8, 8.867413921225529
12, 12.310657915200917
7, 7.361751060791524
2, 3.9753045086596503
6, 7.831701856741914
7, 8.387448449478871
8, 8.97102270339496
16, 14.16387614766499
5, 6.605069203920119
5, 6.086930451446745
7, 9.508323969265822
5, 7.009285759333581
7, 7.811771814332409
10, 10.675380408141864
9, 8.117934339180017
6, 7.319011387214156
5, 6.116715937138848
8, 7.952256152531538
3, 6.061563332796006
12, 11.586234301651132
5, 8.069723884345644
7, 7.270783266002484
8, 10.485982605305221
5, 5.634559807836563
0, 3.787495896996539
7, 9.485323886713571
3, 5.52825491836579
8, 9.919097421016758
4, 5.588739416679652
4, 5.800400206710482
5, 8.915589309680549
5, 6.499210057126861
4, 6.407835271707363
6, 8.417681529370576
5, 7.751021924821213
8, 8.889587153517965
3, 7.099512839538246
12, 12.792712232405298
7, 8.65325313647462
3, 6.6244399823664875
5, 5.830494813815658
4, 6.613802462602511
1, 2.9424909142219797
9, 9.484768144713245
13, 11.871135610617157
7, 8.484344545054533
7, 9.04505306131779
4, 5.971105275194576
7, 7.287090625940034
6, 8.027720709488497
7, 8.293889272733345
5, 7.192568041452593
4, 6.5837772058153226
2, 5.877970668126897
4, 6.629523971571927
11, 12.35287449155883
10, 12.462402829130234
8, 8.422822363636797
7, 8.807212843741862
6, 7.0739080432901735
9, 10.941915442746293
7, 9.701167058127073
7, 9.229717270693536
4, 6.680257548107285
5, 7.019001498830598
7, 9.084383773946652
4, 6.936988073318125
3, 6.744926684440225
7, 8.336975957153488
8, 9.65752406572697
8, 10.244978095865665
3, 6.338700487510056
5, 8.567237788379085
8, 9.018127648162642
9, 8.750353212212172
5, 6.710278744700297
5, 6.583487454373575
7, 8.437932785446764
6, 8.151165301704324
4, 7.200997249084965
4, 6.425219293040809
4, 6.32527965767569
11, 10.440745090148429
8, 7.871505743176938
4, 8.550600119856675
13, 12.637270140703158
7, 8.194958596555662
10, 11.378994424738558
5, 7.2997156051891565
7, 8.286364516483276
5, 9.106007452355126
11, 11.232505776206484
6, 8.577778922218302
7, 7.642749057386252
0, 2.6856862239259103
5, 7.1466586806413845
7, 9.219452736856653
5, 4.4971060612908165
5, 6.348784535271054
7, 8.630573596304325
12, 13.762313630754061
7, 9.584154211079804
7, 7.812284338919392
5, 7.213022581374144
9, 11.969025622841988
6, 9.52356065838648
7, 8.922407066947068
13, 12.014271058387251
3, 4.758895435528836
10, 8.409496583213436
11, 11.207944498943283
11, 12.852532493638199
6, 8.341699690766236
6, 7.998202190537948
13, 12.917742877378126
5, 8.175041715685792
6, 7.931071856549512
5, 7.685671694691961
7, 8.795799795409124
9, 10.545541004856045
8, 7.066195205909875
4, 7.176008178590312
10, 11.283853205830967
7, 7.85823020161404
5, 5.953597534876455
1, 4.5732748171616855
6, 9.061174019906932
5, 7.258877949529749
5, 6.676133087473862
4, 5.5233375630624915
6, 8.277354480830178
14, 13.881098956612123
8, 8.871175760099803
12, 11.47061356614653
7, 9.366933355869195
7, 8.773360412767488
8, 9.157479261122942
9, 7.656704191917594
3, 6.183578351051746
5, 7.595530381519506
10, 9.402849939397612
8, 7.0961990775854025
5, 6.434755937863944
7, 8.911531269999816
5, 5.840362538154459
9, 8.246659078363255
7, 8.310249654420243
5, 7.8255037441367294
6, 7.6844340138708915
6, 7.595086834105935
3, 4.147292415189324
9, 8.40520008692077
7, 7.213098904423133
4, 5.546785229523583
3, 4.918734679275005
4, 6.333605415691928
7, 10.36535405959789
6, 7.130170688150578
7, 9.710015594041261
6, 7.608805226900422
5, 7.457703231468898
8, 10.502950163842828
6, 6.827612528670818
10, 10.519814202805327
5, 6.830542092560214
5, 7.366822961833357
6, 6.89901806895401
5, 7.5498106764394
3, 6.934634493934803
7, 9.908305090623559
7, 9.776690822976159
10, 10.43682230245728
9, 8.630306700572241
5, 7.874021379718259
8, 6.286592873934273
9, 9.750834611533561
3, 5.100855441449161
7, 8.591110715270197
7, 7.958261511627669
5, 7.871914601613034
5, 9.622849244139546
10, 9.636775245547916
10, 10.742191242623996
5, 7.828110299137258
5, 8.61744269968758
14, 11.749693760470649
4, 6.785662148980629
3, 6.660793181909244
6, 7.367657053388883
3, 6.306364229845295
7, 9.235442368539452
10, 9.348393656887412
11, 10.966077972154737
12, 13.49354662352765
5, 6.965124379349614
6, 7.308679557617256
10, 9.327870081564114
9, 9.472823199803107
8, 11.583721870526979
6, 7.140705644528428
9, 10.825778940017699
8, 8.664007177994655
2, 4.3008905460050935
6, 6.786155524434325
4, 6.595533457353998
9, 8.664949323310239
9, 8.920106536487253
7, 8.270262401345304
7, 8.244930857435582
8, 9.690114030377663
11, 9.958721479791144
3, 6.266327509302753
5, 8.491623251360986
7, 9.69631733420713
13, 13.129540185884254
9, 8.925977298624986
8, 8.939665783803845
6, 7.028015996328689
9, 9.64320177360165
5, 7.501704286078562
6, 10.445972363909844
6, 9.42684424277628
5, 5.647983549105502
7, 8.733213020651945
7, 7.675967524021762
6, 9.418019713441018
4, 4.985929447334537
10, 13.000720919965246
5, 7.934871058137659
8, 9.539805160635536
5, 6.838233093639473
9, 9.882125832823773
6, 7.243751872925636
2, 5.1936645822175205
8, 9.423362428476405
10, 10.394809269478987
4, 4.81928152095327
9, 9.000184414054425
8, 9.56299181962379
7, 8.377085030674577
5, 5.92567286248263
6, 9.463447407920771
9, 11.060979590024889
6, 7.086397041364911
8, 11.115339352765963
10, 11.958708646974621
5, 7.619921626256138
10, 10.916030283967569
6, 6.530768406331065
8, 6.822746890811409
7, 8.84553392160976
10, 10.355750368996098
8, 9.194773966031338
6, 8.576304455270533
8, 9.018175470058122
9, 10.389878525292426
3, 6.102357166691932
3, 7.038843310725185
1, 3.9653115316178
6, 5.91946746938963
12, 11.066836872219994
3, 4.804973755984828
6, 8.196824082365657
10, 11.447630241948731
8, 10.05897291149267
9, 9.20524682495705
10, 9.737048779032586
7, 11.173517513774838
7, 8.722815093530384
10, 9.11961906301953
9, 9.26417135046713
7, 8.295495974855896
10, 9.445474603391125
7, 8.759021208725631
10, 10.116674570815448
7, 7.674968255611373
10, 8.75025071131786
9, 9.935700830329047
8, 8.878550280299939
11, 12.61015813537813
6, 7.898840991827078
8, 7.677068985602154
10, 11.366295298001495
6, 9.850315305406575
5, 6.011327091959771
4, 8.494120790553035
6, 8.798153542630251
4, 6.083392282916037
3, 4.667684541021497
7, 8.76417167785581
5, 7.502124528410694
7, 6.991679477684621
8, 9.798996130559878
10, 11.664816549880388
5, 7.731612732460237
5, 6.704454996455035
9, 10.296249416584295
3, 7.3362360163043965
5, 6.450808165117679
7, 9.260161980102119
2, 4.260317837183467
5, 5.6257308885324235
2, 3.877487694883659
7, 7.875727156564994
3, 6.841436068843631
8, 8.119891668858932
6, 7.631658001865548
4, 5.209245061596729
9, 11.08251606329696
5, 6.494780806318582
6, 8.924331175940024
10, 11.177660245480508
6, 7.487288817439037
4, 7.680298254667747
14, 14.608607915566264
7, 9.544180921463802
9, 9.910778258584196
6, 7.006138075804131
4, 7.1893655408525285
4, 7.4121580213268
12, 11.293660199292267
7, 8.762408826555244
8, 9.017472414973012
5, 7.088539450823219
5, 6.201942150328541
6, 5.806479122711637
9, 10.458138203623447
7, 7.709122513083077
5, 7.746825987556823
8, 8.479463648735182
10, 11.777088243288565
7, 8.853137377053033
12, 11.544884941419243
7, 9.56705422539488
4, 5.993987034885355
8, 7.771540965705772
6, 8.185982687507964
7, 8.679386637891312
3, 4.7100643258315085
8, 9.004039673279266
7, 8.51717032945312
8, 11.402875031642854
5, 6.400819526334841
5, 7.297978924192006
2, 4.972006569241618
6, 8.482150735961145
5, 8.824214425831801
6, 7.1059785404888665
6, 8.107814147345941
3, 6.388807316075859
6, 9.62197106116691
5, 6.714179774535789
11, 11.152850388497928
7, 9.814266286732435
3, 5.900857132764423
7, 7.337390141929043
5, 6.5567341964120525
8, 9.763282914499172
9, 10.006932071043932
8, 9.704900947026676
3, 4.952201712368822
6, 9.916587931445372
11, 10.560905452175945
8, 9.335248842672918
5, 5.7496585036821495
5, 6.977481669806835
6, 7.331537600756489
10, 11.976034064214144
12, 10.791895772058666
8, 8.110967454429806
8, 8.564951884289307
10, 10.903845304306314
10, 11.226477166789579
8, 7.42942593656621
6, 9.320049116987587
8, 7.91657206858505
